2
2
4
5
6
6
7
7
7
8
9
9
11
11
12
13
13
13
14
15
18
18
19
20
20
21
21
22
22
24
26
27
29
30
35
36
37
37
39
40
41
43
44
44
44
44
45
46
46
47
47
47
47
48
48
48
49
51
52
52
55
56
57
57
58
59
60
61
61
61
62
62
62
64
65
65
67
70
70
71
71
78
78
79
80
82
82
82
82
83
83
84
85
86
87
89
90
92
93
94
94
95
96
96
98
99
100
102
103
104
105
106
109
109
111
112
113
114
114
114
115
116
117
121
122
123
124
124
129
129
129
129
129
130
131
131
131
134
135
135
135
136
137
138
139
140
141
141
144
144
144
145
145
146
146
148
148
148
150
151
152
153
153
153
155
156
156
156
158
158
158
159
159
160
163
164
164
165
166
166
167
167
167
170
172
173
173
173
174
174
178
178
179
180
183
183
190
190
193
196
196
202
203
204
204
205
205
207
208
208
211
212
213
214
215
216
217
218
218
219
219
220
220
224
224
225
225
225
225
226
228
229
229
229
230
231
231
231
231
231
232
232
236
236
238
240
240
241
241
241
241
243
244
244
244
244
245
247
247
248
248
250
252
252
253
255
257
258
259
260
262
262
262
262
264
265
266
267
269
271
273
274
274
274
276
277
278
280
280
281
282
284
284
285
287
288
288
288
289
289
290
291
291
292
292
294
294
294
295
296
298
301
301
302
302
302
305
306
310
310
311
312
312
313
314
317
317
318
318
319
319
321
321
321
321
322
322
322
323
324
327
327
329
332
334
334
338
338
339
339
341
341
342
342
347
347
347
348
348
349
351
352
352
353
353
355
356
357
357
358
359
360
360
363
363
364
365
366
366
368
369
372
372
374
374
375
376
377
378
379
379
379
381
382
383
383
383
384
385
387
387
388
388
388
390
390
390
392
394
395
396
399
399
401
403
403
407
409
409
412
412
412
413
414
414
415
416
416
416
418
422
423
424
425
425
425
427
428
428
429
430
431
433
433
434
435
435
436
437
440
441
442
442
442
443
443
444
445
445
445
446
446
447
447
447
448
448
448
449
450
451
452
452
453
453
455
455
457
458
460
460
463
464
466
469
471
471
471
473
473
473
475
476
476
476
477
477
478
479
480
482
483
483
487
487
488
491
492
492
493
495
495
496
498
499
500
501
503
503
504
505
506
506
510
510
511
513
514
516
517
518
520
521
522
522
523
523
524
526
527
529
529
531
532
533
534
536
536
537
537
538
539
539
540
541
542
542
543
543
544
544
545
547
548
553
557
557
558
559
560
560
561
562
563
564
564
564
565
566
567
571
571
572
574
576
576
576
577
578
578
578
580
580
580
580
581
582
582
582
582
583
586
586
588
588
590
591
592
593
593
595
596
597
599
601
603
603
603
604
605
606
607
608
610
612
612
612
612
613
614
618
618
618
619
624
624
627
628
629
630
631
632
632
635
636
637
638
638
639
644
647
650
653
654
656
656
656
656
660
662
664
664
666
666
669
669
671
672
673
675
675
679
680
680
680
681
683
684
684
685
685
685
685
687
687
687
687
690
691
692
692
695
695
695
696
696
696
696
696
699
700
700
703
705
705
705
707
708
709
709
709
712
712
712
712
714
714
714
716
717
717
719
721
722
723
725
728
728
728
729
729
729
731
732
732
732
733
733
733
734
735
737
739
741
742
742
744
744
744
744
750
750
752
753
755
757
760
761
761
763
763
764
765
767
768
770
770
772
773
778
779
779
780
780
782
784
784
785
791
791
792
792
794
795
797
797
798
799
799
800
800
801
802
803
805
808
808
808
809
810
810
810
812
812
812
812
814
814
814
817
817
818
818
820
821
824
826
826
827
828
829
829
831
831
833
833
835
835
840
840
842
842
843
845
847
851
852
853
853
854
855
856
856
856
857
859
860
861
864
865
865
865
865
867
868
870
870
871
871
872
873
874
877
877
878
878
879
879
880
880
880
882
883
884
887
888
888
889
890
890
891
893
893
893
895
897
898
898
899
899
901
902
902
903
903
904
904
905
907
908
908
908
908
909
909
909
909
909
909
910
910
911
912
912
912
913
914
916
916
916
918
920
921
921
923
924
926
927
928
928
928
929
929
929
930
931
932
932
934
935
935
935
936
940
941
941
941
942
943
944
946
948
948
949
949
952
953
953
955
955
955
957
959
960
960
961
962
962
962
962
963
964
964
964
964
969
973
976
976
978
978
981
981
981
982
982
984
985
986
986
987
987
988
989
989
991
991
994
994
995
995
997
998
998
999
1000
1003
1004
1004
1005
1006
1007
1008
1008
1008
1009
1009
1012
1013
1013
1013
1015
1016
1018
1018
1018
1021
1021
1021
1022
1023
1025
1025
1025
1025
1028
1029
1030
1033
1034
1034
1034
1035
1035
1036
1037
1037
1037
1039
1040
1041
1041
1043
1045
1046
1046
1046
1047
1047
1048
1049
1049
1052
1057
1058
1059
1060
1060
1060
1061
1061
1062
1063
1064
1064
1068
1069
1070
1070
1072
1072
1074
1077
1083
1084
1085
1087
1087
1087
1088
1089
1091
1091
1092
1093
1094
1095
1095
1096
1096
1097
1098
1099
1099
1099
1100
1101
1101
1103
1104
1105
1105
1106
1106
1108
1109
1109
1110
1111
1114
1116
1117
1117
1119
1123
1126
1126
1126
1126
1127
1128
1128
1128
1129
1129
1130
1133
1133
1136
1143
1143
1143
1143
1145
1145
1147
1148
1148
1148
1150
1151
1152
1154
1154
1157
1160
1163
1163
1164
1166
1168
1169
1169
1169
1171
1174
1174
1175
1175
1176
1177
1178
1179
1180
1183
1184
1184
1184
1185
1185
1185
1186
1188
1189
1189
1191
1191
1191
1192
1192
1193
1194
1195
1195
1196
1197
1197
1199
1199
1200
1200
1200
1201
1201
1203
1203
1203
1204
1205
1205
1206
1208
1209
1210
1210
1211
1212
1214
1214
1218
1218
1219
1220
1222
1222
1225
1225
1225
1225
1227
1227
1228
1228
1230
1230
1231
1232
1233
1233
1233
1235
1235
1236
1236
1236
1238
1240
1240
1242
1243
1244
1245
1247
1250
1253
1255
1255
1255
1257
1257
1258
1258
1259
1259
1262
1265
1267
1267
1268
1268
1269
1269
1271
1272
1273
1275
1275
1276
1277
1279
1279
1281
1283
1284
1289
1289
1290
1292
1295
1297
1298
1298
1300
1302
1302
1303
1304
1305
1305
1306
1306
1306
1309
1310
1311
1311
1311
1317
1317
1318
1322
1322
1323
1323
1324
1324
1325
1326
1326
1327
1328
1329
1331
1332
1332
1335
1335
1336
1338
1339
1340
1341
1341
1341
1342
1345
1347
1347
1348
1349
1350
1351
1351
1352
1352
1353
1353
1355
1355
1356
1356
1358
1359
1359
1360
1361
1362
1362
1363
1363
1363
1365
1366
1368
1368
1370
1371
1372
1375
1375
1378
1379
1381
1381
1382
1383
1384
1385
1385
1386
1386
1387
1388
1389
1389
1389
1390
1391
1392
1392
1393
1395
1395
1395
1397
1397
1398
1400
1402
1402
1403
1404
1406
1408
1408
1408
1409
1413
1413
1417
1417
1418
1418
1419
1420
1421
1423
1424
1425
1427
1429
1429
1432
1433
1440
1441
1441
1441
1442
1443
1443
1445
1447
1447
1448
1448
1449
1452
1452
1452
1453
1453
1454
1454
1455
1455
1455
1456
1456
1459
1460
1461
1461
1462
1464
1464
1465
1465
1466
1466
1466
1468
1468
1470
1470
1473
1473
1473
1473
1475
1476
1477
1479
1479
1481
1482
1483
1484
1487
1487
1489
1492
1494
1496
1497
1498
1500
1500
1501
1502
1502
1503
1504
1504
1504
1505
1505
1507
1508
1509
1509
1509
1510
1510
1511
1513
1514
1514
1516
1518
1518
1520
1520
1522
1524
1524
1525
1525
1528
1528
1529
1530
1530
1532
1533
1533
1533
1534
1535
1535
1536
1536
1537
1538
1538
1539
1540
1542
1544
1544
1544
1545
1545
1546
1546
1548
1551
1551
1551
1551
1552
1552
1554
1554
1555
1556
1558
1558
1558
1558
1559
1560
1560
1561
1564
1564
1564
1566
1567
1568
1570
1570
1572
1576
1576
1577
1578
1579
1579
1580
1583
1586
1586
1586
1589
1589
1591
1593
1594
1596
1596
1597
1597
1598
1600
1603
1604
1604
1606
1606
1606
1607
1608
1609
1609
1610
1610
1611
1613
1613
1618
1618
1619
1620
1625
1625
1626
1628
1628
1629
1630
1631
1633
1633
1636
1637
1640
1640
1641
1641
1642
1643
1644
1645
1646
1646
1646
1646
1647
1648
1650
1650
1651
1653
1653
1654
1654
1654
1655
1656
1657
1658
1658
1658
1659
1660
1661
1662
1662
1663
1664
1665
1665
1668
1669
1669
1670
1670
1670
1675
1675
1676
1676
1683
1683
1684
1688
1688
1688
1688
1688
1689
1690
1690
1692
1693
1694
1696
1696
1696
1697
1697
1697
1698
1698
1699
1700
1701
1702
1703
1705
1706
1707
1707
1709
1709
1710
1710
1710
1711
1714
1714
1715
1715
1720
1721
1722
1724
1724
1725
1725
1725
1729
1730
1731
1731
1732
1736
1737
1737
1738
1741
1742
1744
1747
1747
1748
1749
1750
1750
1755
1756
1756
1757
1757
1757
1757
1757
1758
1760
1761
1762
1766
1769
1769
1769
1770
1770
1772
1773
1775
1775
1776
1776
1778
1778
1778
1778
1778
1779
1781
1784
1784
1786
1787
1788
1789
1789
1791
1794
1795
1795
1795
1796
1796
1797
1798
1798
1799
1799
1799
1799
1800
1802
1805
1806
1806
1806
1806
1806
1808
1808
1809
1809
1811
1812
1817
1817
1817
1818
1819
1819
1820
1822
1823
1824
1824
1826
1826
1826
1827
1827
1828
1828
1830
1832
1834
1834
1835
1835
1835
1836
1837
1839
1840
1841
1841
1842
1843
1843
1843
1846
1847
1848
1850
1851
1852
1855
1857
1857
1858
1859
1860
1861
1862
1862
1862
1864
1865
1866
1866
1866
1868
1868
1868
1869
1872
1872
1872
1873
1873
1875
1876
1877
1878
1879
1882
1883
1884
1884
1886
1888
1888
1890
1891
1895
1896
1896
1899
1899
1900
1900
1900
1901
1902
1902
1902
1903
1904
1904
1905
1905
1906
1906
1908
1909
1909
1909
1909
1911
1912
1912
1912
1915
1918
1918
1920
1920
1922
1922
1922
1923
1923
1924
1925
1926
1929
1929
1930
1931
1931
1932
1932
1933
1933
1934
1934
1934
1936
1938
1939
1940
1940
1942
1942
1943
1945
1946
1946
1947
1949
1951
1951
1952
1953
1953
1955
1956
1956
1957
1957
1961
1962
1964
1964
1965
1967
1967
1967
1968
1968
1969
1969
1970
1971
1972
1976
1978
1978
1979
1982
1982
1983
1984
1985
1986
1988
1991
1992
1992
1993
1993
1994
1994
1998
1999
2002
2002
2002
2003
2003
2004
2006
2007
2008
2008
2009
2010
2010
2011
2013
2014
2015
2017
2019
2019
2019
2020
2021
2021
2021
2021
2021
2023
2023
2024
2024
2024
2024
2024
2025
2025
2027
2028
2029
2030
2031
2032
2032
2034
2035
2035
2035
2036
2036
2037
2039
2041
2041
2041
2042
2042
2043
2043
2044
2046
2047
2047
2049
2050
2050
2051
2051
2052
2053
2054
2058
2058
2059
2059
2061
2062
2063
2066
2067
2067
2068
2068
2068
2069
2069
2072
2072
2074
2074
2076
2076
2077
2077
2078
2078
2079
2079
2079
2083
2086
2086
2086
2087
2088
2088
2089
2090
2090
2091
2093
2094
2095
2098
2099
2099
2103
2104
2104
2105
2107
2110
2113
2113
2113
2114
2115
2117
2118
2118
2120
2121
2122
2123
2126
2126
2129
2130
2131
2132
2132
2133
2133
2134
2134
2135
2136
2136
2137
2137
2138
2138
2139
2139
2139
2139
2140
2142
2142
2143
2143
2144
2144
2144
2145
2147
2148
2149
2149
2151
2152
2152
2153
2156
2156
2157
2157
2158
2159
2159
2160
2162
2163
2164
2164
2164
2165
2166
2168
2168
2169
2172
2172
2172
2174
2177
2177
2178
2178
2179
2179
2179
2180
2180
2180
2180
2182
2182
2184
2186
2186
2188
2194
2194
2194
2195
2195
2197
2198
2198
2200
2202
2203
2203
2204
2205
2205
2206
2206
2208
2208
2208
2210
2211
2213
2217
2217
2219
2219
2220
2221
2221
2224
2224
2226
2227
2227
2228
2229
2229
2230
2231
2233
2233
2234
2235
2237
2237
2237
2238
2241
2242
2242
2249
2251
2251
2252
2253
2256
2257
2259
2260
2261
2261
2262
2262
2265
2265
2266
2266
2266
2266
2267
2268
2269
2272
2272
2273
2275
2276
2276
2278
2278
2279
2279
2280
2280
2280
2281
2282
2282
2284
2286
2291
2291
2291
2292
2292
2294
2298
2299
2300
2301
2304
2305
2307
2309
2311
2312
2312
2313
2313
2314
2314
2314
2317
2318
2318
2318
2319
2320
2320
2321
2322
2324
2324
2327
2328
2328
2329
2330
2330
2332
2333
2333
2336
2336
2336
2337
2338
2339
2339
2340
2342
2342
2342
2343
2345
2345
2345
2347
2347
2350
2352
2352
2353
2354
2354
2355
2357
2358
2358
2359
2360
2361
2363
2363
2363
2365
2367
2368
2368
2373
2374
2375
2375
2375
2375
2375
2376
2377
2377
2378
2379
2380
2381
2381
2381
2384
2384
2385
2385
2385
2386
2387
2387
2388
2388
2391
2392
2394
2395
2397
2397
2397
2398
2399
2399
2399
2400
2401
2401
2403
2403
2403
2404
2404
2405
2406
2406
2407
2408
2409
2413
2414
2414
2416
2417
2417
2418
2419
2419
2419
2421
2422
2423
2425
2426
2427
2427
2428
2428
2429
2429
2429
2430
2431
2431
2434
2434
2435
2435
2435
2436
2436
2436
2437
2440
2440
2442
2443
2443
2444
2445
2445
2445
2446
2447
2447
2450
2450
2452
2452
2455
2456
2456
2456
2456
2456
2457
2458
2459
2460
2460
2460
2460
2464
2465
2465
2467
2467
2469
2469
2470
2471
2471
2472
2472
2473
2473
2475
2475
2476
2476
2477
2477
2478
2484
2484
2485
2485
2487
2488
2490
2493
2494
2496
2496
2497
2498
2501
2503
2506
2506
2506
2507
2509
2510
2510
2510
2511
2512
2513
2515
2515
2515
2516
2516
2521
2522
2522
2523
2523
2523
2524
2524
2524
2526
2527
2527
2529
2530
2533
2533
2536
2536
2536
2536
2537
2540
2541
2541
2542
2542
2545
2545
2547
2547
2547
2548
2548
2548
2551
2551
2553
2554
2554
2555
2556
2557
2557
2558
2560
2561
2561
2561
2562
2564
2565
2566
2568
2569
2569
2570
2570
2570
2572
2575
2577
2579
2580
2580
2583
2584
2585
2585
2587
2587
2589
2589
2595
2595
2597
2598
2598
2599
2603
2606
2607
2611
2611
2611
2612
2612
2613
2616
2618
2619
2619
2621
2621
2623
2625
2627
2627
2628
2628
2628
2631
2633
2633
2634
2634
2635
2635
2636
2636
2637
2639
2640
2640
2640
2641
2643
2644
2646
2647
2647
2650
2652
2652
2652
2654
2656
2656
2656
2656
2656
2658
2658
2659
2665
2665
2665
2666
2666
2666
2666
2667
2667
2668
2668
2669
2669
2670
2670
2672
2672
2673
2675
2675
2676
2676
2678
2679
2679
2682
2682
2683
2683
2683
2684
2686
2687
2687
2688
2688
2689
2691
2691
2693
2694
2694
2694
2695
2695
2695
2697
2698
2698
2699
2699
2703
2703
2703
2704
2706
2706
2708
2709
2710
2711
2712
2714
2715
2716
2718
2719
2720
2722
2726
2727
2728
2729
2729
2733
2733
2734
2737
2737
2738
2739
2739
2739
2742
2744
2750
2752
2754
2754
2756
2758
2758
2759
2761
2761
2762
2763
2764
2764
2764
2765
2766
2767
2768
2768
2769
2771
2772
2773
2773
2773
2775
2776
2779
2779
2781
2781
2782
2783
2784
2784
2785
2785
2786
2786
2787
2790
2792
2793
2794
2794
2795
2795
2797
2797
2797
2799
2802
2803
2805
2806
2807
2807
2808
2808
2809
2810
2810
2810
2810
2810
2811
2811
2812
2813
2814
2815
2816
2817
2819
2819
2819
2821
2821
2823
2823
2824
2825
2826
2827
2827
2827
2828
2828
2829
2830
2831
2834
2835
2837
2839
2839
2839
2840
2844
2844
2844
2845
2845
2846
2846
2847
2850
2850
2850
2853
2855
2855
2857
2859
2859
2860
2860
2860
2861
2861
2862
2863
2863
2865
2865
2866
2867
2868
2870
2872
2872
2872
2873
2873
2873
2874
2875
2877
2877
2877
2877
2878
2879
2879
2880
2882
2882
2884
2884
2886
2888
2890
2892
2892
2893
2893
2894
2895
2896
2896
2897
2899
2899
2900
2902
2903
2904
2904
2907
2908
2910
2912
2912
2913
2914
2914
2917
2919
2920
2922
2922
2925
2926
2926
2926
2927
2928
2930
2930
2930
2931
2932
2934
2935
2937
2937
2938
2939
2941
2944
2944
2945
2948
2948
2950
2951
2954
2955
2956
2957
2958
2959
2960
2961
2961
2962
2962
2963
2967
2967
2969
2970
2970
2970
2970
2971
2971
2972
2972
2973
2973
2973
2976
2978
2980
2981
2981
2984
2986
2986
2988
2989
2990
2990
2991
2991
2992
2992
2994
2995
2995
2995
2995
2996
2998
3001
3002
3002
3003
3004
3005
3005
3008
3008
3009
3010
3011
3011
3012
3013
3013
3014
3016
3016
3017
3018
3018
3019
3019
3019
3019
3020
3021
3022
3024
3028
3030
3030
3032
3033
3034
3036
3037
3038
3038
3038
3039
3041
3043
3043
3043
3044
3044
3045
3046
3046
3048
3050
3050
3050
3051
3053
3054
3056
3056
3056
3057
3057
3058
3058
3058
3059
3060
3061
3062
3063
3064
3064
3065
3067
3069
3069
3073
3075
3076
3076
3077
3078
3078
3079
3079
3079
3080
3080
3081
3082
3083
3083
3083
3083
3084
3084
3086
3087
3087
3090
3090
3090
3091
3091
3091
3092
3093
3093
3094
3096
3096
3100
3100
3100
3101
3102
3103
3104
3104
3104
3104
3106
3107
3109
3109
3110
3110
3111
3112
3112
3113
3113
3113
3115
3116
3116
3118
3119
3119
3120
3120
3121
3122
3122
3123
3125
3130
3133
3135
3136
3141
3142
3143
3143
3145
3145
3146
3147
3147
3148
3148
3149
3151
3153
3154
3154
3159
3162
3163
3163
3164
3164
3164
3165
3166
3166
3167
3168
3168
3168
3168
3168
3169
3169
3170
3171
3171
3176
3176
3177
3177
3178
3183
3185
3185
3186
3188
3189
3189
3195
3195
3196
3196
3197
3198
3198
3198
3198
3198
3198
3199
3201
3202
3204
3204
3204
3206
3206
3207
3207
3211
3211
3212
3214
3215
3216
3218
3218
3219
3219
3221
3221
3222
3222
3222
3227
3231
3231
3231
3232
3233
3233
3235
3236
3239
3240
3241
3241
3242
3242
3244
3246
3247
3247
3248
3249
3250
3251
3251
3252
3252
3252
3253
3253
3253
3254
3254
3255
3255
3256
3256
3258
3258
3259
3261
3261
3261
3262
3262
3262
3263
3264
3265
3266
3266
3267
3268
3269
3269
3269
3271
3272
3272
3273
3274
3276
3276
3277
3278
3280
3281
3283
3283
3283
3284
3287
3291
3293
3293
3294
3294
3296
3296
3296
3296
3298
3299
3302
3302
3303
3303
3305
3305
3305
3308
3310
3312
3315
3315
3315
3316
3316
3317
3319
3320
3320
3322
3324
3324
3326
3326
3326
3328
3331
3331
3335
3337
3337
3338
3341
3341
3342
3343
3344
3345
3345
3348
3349
3350
3350
3351
3353
3353
3353
3354
3355
3355
3356
3356
3358
3358
3361
3361
3361
3362
3362
3363
3363
3365
3366
3366
3366
3366
3366
3367
3368
3369
3370
3370
3371
3371
3372
3372
3373
3375
3375
3376
3377
3378
3378
3378
3379
3380
3380
3380
3381
3381
3381
3382
3383
3383
3383
3385
3385
3388
3388
3388
3390
3391
3391
3391
3392
3392
3393
3394
3396
3398
3399
3399
3399
3400
3400
3400
3404
3404
3405
3405
3406
3406
3408
3408
3409
3409
3411
3418
3419
3419
3422
3422
3425
3426
3426
3427
3427
3428
3429
3430
3430
3431
3432
3433
3433
3436
3436
3437
3437
3438
3439
3439
3440
3441
3441
3442
3442
3443
3443
3444
3446
3446
3447
3450
3450
3450
3450
3451
3451
3451
3452
3452
3452
3459
3459
3459
3460
3463
3467
3468
3468
3469
3469
3470
3472
3473
3473
3473
3474
3475
3476
3476
3476
3476
3477
3477
3479
3483
3485
3486
3487
3487
3488
3488
3491
3492
3493
3494
3496
3496
3497
3498
3498
3500
3500
3500
3500
3501
3502
3503
3503
3506
3508
3509
3510
3510
3510
3513
3514
3514
3515
3515
3515
3516
3518
3519
3519
3520
3520
3521
3522
3523
3524
3524
3529
3529
3531
3532
3533
3533
3534
3537
3537
3537
3538
3538
3538
3538
3539
3543
3544
3544
3545
3546
3546
3546
3546
3546
3546
3546
3549
3549
3550
3550
3550
3550
3552
3552
3552
3552
3553
3553
3555
3555
3556
3556
3557
3558
3559
3559
3560
3560
3561
3563
3564
3565
3565
3565
3567
3567
3567
3568
3569
3570
3570
3571
3572
3575
3576
3577
3577
3578
3578
3580
3580
3582
3585
3586
3588
3588
3589
3589
3589
3591
3592
3592
3593
3596
3596
3597
3598
3598
3601
3601
3604
3604
3606
3607
3608
3609
3611
3612
3614
3614
3615
3615
3615
3615
3616
3617
3620
3621
3622
3624
3627
3628
3628
3629
3631
3631
3632
3635
3635
3635
3637
3637
3638
3644
3645
3645
3646
3646
3646
3648
3649
3649
3650
3650
3650
3650
3650
3651
3653
3654
3654
3654
3656
3656
3656
3656
3657
3657
3661
3661
3662
3663
3663
3664
3665
3666
3666
3667
3667
3671
3671
3672
3674
3675
3675
3675
3677
3678
3678
3679
3679
3681
3681
3681
3682
3682
3682
3683
3684
3687
3688
3688
3689
3689
3690
3690
3690
3690
3691
3693
3693
3695
3696
3696
3700
3700
3703
3703
3703
3703
3704
3705
3707
3707
3708
3708
3708
3710
3710
3711
3711
3712
3713
3714
3714
3714
3714
3716
3719
3720
3720
3721
3722
3722
3723
3723
3725
3725
3725
3726
3726
3727
3727
3728
3729
3729
3730
3730
3730
3730
3732
3732
3734
3734
3736
3739
3741
3741
3742
3742
3744
3745
3746
3746
3746
3749
3751
3751
3751
3753
3754
3754
3755
3755
3758
3759
3760
3760
3763
3764
3767
3767
3767
3768
3771
3774
3774
3774
3774
3774
3774
3776
3776
3781
3781
3781
3783
3783
3784
3785
3785
3787
3787
3788
3789
3791
3792
3792
3793
3793
3793
3793
3794
3794
3796
3797
3798
3803
3803
3803
3804
3805
3810
3811
3812
3814
3815
3815
3815
3816
3816
3819
3819
3819
3821
3821
3822
3823
3824
3825
3826
3826
3828
3829
3830
3831
3831
3832
3832
3832
3832
3834
3835
3838
3839
3839
3840
3840
3840
3841
3842
3843
3844
3845
3845
3845
3847
3847
3849
3850
3850
3851
3852
3855
3855
3856
3856
3857
3858
3860
3862
3862
3862
3863
3864
3865
3866
3867
3867
3869
3873
3873
3874
3875
3876
3876
3876
3876
3878
3879
3879
3880
3882
3883
3885
3886
3886
3888
3890
3890
3891
3894
3896
3897
3897
3897
3897
3901
3901
3901
3901
3902
3903
3904
3904
3905
3905
3906
3907
3908
3908
3909
3910
3911
3912
3912
3913
3913
3914
3914
3914
3914
3915
3916
3920
3921
3922
3922
3923
3924
3925
3927
3928
3928
3929
3930
3931
3932
3936
3936
3937
3937
3939
3939
3942
3945
3946
3948
3949
3950
3951
3953
3953
3954
3955
3955
3956
3957
3957
3958
3958
3959
3960
3961
3962
3962
3963
3963
3963
3964
3965
3968
3969
3972
3972
3973
3973
3975
3976
3978
3979
3980
3981
3981
3982
3984
3985
3985
3985
3986
3987
3988
3988
3989
3989
3990
3990
3990
3991
3991
3991
3994
3995
3995
3997
3997
3997
3997
3998
3999
3999
3999
4001
4002
4003
4003
4004
4004
4007
4008
4009
4014
4017
4017
4023
4024
4027
4028
4028
4029
4030
4030
4031
4031
4031
4032
4034
4035
4036
4039
4039
4039
4040
4040
4041
4042
4042
4042
4043
4044
4044
4045
4045
4047
4047
4048
4049
4051
4051
4052
4053
4053
4054
4055
4055
4059
4062
4065
4068
4068
4068
4069
4069
4070
4071
4073
4073
4073
4074
4078
4078
4082
4082
4084
4084
4086
4087
4092
4093
4094
4095
4095
4099
4101
4101
4102
4102
4103
4106
4108
4109
4110
4111
4111
4114
4114
4116
4117
4119
4119
4119
4119
4121
4121
4122
4123
4124
4125
4126
4128
4128
4130
4131
4131
4133
4133
4135
4136
4140
4141
4144
4144
4145
4146
4146
4146
4146
4147
4147
4148
4150
4150
4152
4152
4152
4155
4157
4159
4161
4162
4164
4164
4165
4166
4167
4167
4167
4168
4168
4168
4170
4171
4171
4172
4174
4174
4175
4178
4179
4182
4182
4182
4182
4183
4184
4184
4186
4186
4186
4187
4187
4188
4189
4191
4192
4193
4196
4196
4197
4198
4198
4199
4200
4201
4202
4203
4204
4204
4205
4207
4207
4208
4209
4212
4214
4215
4217
4218
4218
4219
4219
4220
4221
4221
4222
4224
4224
4224
4224
4225
4227
4228
4228
4229
4229
4229
4230
4231
4231
4232
4233
4236
4236
4237
4238
4240
4243
4243
4243
4245
4247
4248
4248
4249
4250
4251
4251
4251
4252
4253
4253
4254
4255
4257
4258
4258
4261
4263
4264
4265
4270
4271
4272
4272
4273
4274
4275
4276
4279
4280
4280
4283
4283
4285
4285
4285
4287
4288
4289
4292
4293
4293
4295
4297
4297
4298
4299
4299
4301
4302
4302
4303
4303
4305
4305
4306
4307
4307
4307
4308
4308
4308
4309
4315
4317
4317
4317
4317
4320
4320
4322
4324
4324
4325
4325
4328
4330
4330
4331
4331
4333
4333
4333
4334
4334
4335
4336
4336
4337
4338
4338
4338
4338
4338
4340
4342
4342
4343
4343
4344
4347
4347
4347
4348
4349
4349
4354
4356
4357
4357
4358
4359
4359
4360
4360
4361
4361
4361
4362
4366
4366
4366
4367
4368
4368
4369
4370
4371
4372
4373
4373
4376
4378
4378
4378
4379
4380
4381
4382
4383
4383
4383
4383
4384
4393
4393
4394
4394
4395
4395
4401
4402
4404
4404
4406
4407
4407
4408
4409
4409
4409
4411
4412
4412
4414
4416
4416
4417
4418
4419
4420
4420
4422
4423
4423
4427
4427
4428
4429
4429
4430
4430
4432
4432
4433
4435
4435
4435
4436
4436
4437
4438
4439
4439
4439
4443
4445
4446
4448
4450
4450
4450
4451
4451
4451
4452
4453
4455
4456
4456
4457
4463
4463
4464
4465
4468
4468
4470
4472
4472
4474
4474
4475
4477
4478
4478
4478
4480
4480
4484
4486
4486
4486
4487
4487
4488
4490
4491
4492
4493
4493
4493
4494
4497
4499
4500
4501
4501
4502
4503
4503
4504
4506
4506
4506
4511
4511
4511
4513
4515
4515
4516
4516
4517
4517
4518
4518
4520
4522
4522
4522
4522
4523
4523
4525
4526
4527
4527
4527
4528
4529
4529
4530
4530
4530
4531
4532
4534
4535
4536
4537
4537
4537
4537
4538
4540
4543
4544
4544
4546
4547
4549
4549
4551
4551
4552
4552
4552
4553
4555
4555
4556
4558
4559
4560
4561
4561
4561
4562
4564
4565
4567
4568
4569
4571
4572
4574
4576
4577
4577
4582
4583
4583
4584
4584
4585
4587
4589
4589
4589
4591
4592
4592
4595
4595
4595
4596
4598
4598
4598
4599
4599
4600
4604
4604
4605
4606
4606
4606
4607
4607
4608
4611
4613
4614
4614
4615
4615
4616
4619
4619
4620
4621
4621
4623
4625
4625
4629
4629
4636
4638
4638
4639
4639
4639
4643
4643
4644
4645
4648
4654
4655
4657
4658
4659
4660
4661
4662
4662
4662
4663
4664
4665
4666
4667
4668
4669
4670
4673
4673
4673
4674
4675
4677
4679
4680
4682
4684
4686
4687
4688
4689
4689
4690
4690
4692
4692
4692
4694
4699
4700
4700
4701
4702
4706
4707
4708
4708
4708
4708
4708
4708
4709
4709
4711
4711
4711
4712
4712
4713
4713
4713
4714
4714
4714
4716
4717
4717
4718
4720
4721
4722
4724
4724
4728
4730
4730
4731
4731
4732
4732
4732
4734
4734
4736
4738
4740
4740
4741
4741
4742
4743
4744
4745
4746
4747
4748
4750
4751
4752
4755
4757
4757
4760
4761
4764
4765
4765
4766
4766
4767
4768
4769
4770
4770
4771
4771
4772
4773
4773
4773
4774
4776
4776
4778
4778
4779
4782
4783
4783
4784
4785
4788
4789
4789
4789
4790
4791
4794
4794
4795
4795
4800
4803
4804
4805
4806
4806
4807
4807
4807
4809
4810
4814
4815
4815
4816
4817
4817
4818
4818
4820
4821
4822
4823
4823
4824
4826
4827
4829
4830
4830
4831
4834
4834
4836
4838
4838
4838
4839
4840
4841
4842
4843
4843
4844
4849
4849
4849
4851
4852
4852
4854
4856
4856
4858
4859
4860
4862
4866
4866
4866
4867
4868
4870
4874
4875
4876
4876
4876
4876
4877
4877
4878
4879
4880
4882
4883
4884
4884
4884
4885
4887
4887
4890
4891
4893
4894
4898
4898
4899
4899
4901
4901
4903
4904
4904
4906
4906
4907
4909
4914
4915
4916
4917
4920
4922
4923
4924
4927
4931
4932
4932
4933
4934
4934
4935
4936
4937
4937
4938
4939
4939
4940
4940
4941
4941
4942
4944
4946
4946
4948
4950
4952
4952
4953
4954
4954
4955
4956
4957
4957
4957
4957
4957
4958
4960
4960
4960
4960
4960
4960
4962
4962
4963
4963
4964
4964
4965
4966
4968
4968
4969
4971
4971
4974
4974
4976
4977
4978
4979
4979
4979
4979
4980
4980
4980
4984
4986
4986
4986
4987
4988
4991
4991
4991
4992
4992
4992
4993
4993
4993
4993
4993
4994
4996
4999
5002
5003
5005
5005
5006
5007
5008
5009
5009
5010
5013
5014
5015
5017
5017
5018
5020
5021
5027
5028
5029
5030
5031
5033
5035
5035
5037
5038
5038
5038
5040
5041
5044
5044
5045
5046
5049
5051
5052
5052
5053
5055
5058
5059
5061
5062
5062
5064
5064
5064
5067
5068
5070
5072
5073
5076
5078
5078
5079
5079
5079
5087
5088
5088
5088
5091
5094
5094
5094
5095
5095
5098
5098
5100
5101
5101
5104
5105
5105
5105
5106
5107
5108
5109
5112
5114
5115
5115
5119
5121
5121
5122
5122
5123
5124
5126
5127
5128
5128
5129
5129
5129
5132
5133
5133
5134
5135
5135
5138
5138
5140
5141
5141
5143
5144
5145
5145
5146
5146
5147
5148
5148
5149
5150
5151
5153
5153
5154
5156
5156
5156
5157
5158
5158
5160
5166
5166
5168
5169
5169
5170
5171
5171
5171
5172
5172
5175
5175
5178
5181
5182
5184
5185
5187
5188
5189
5189
5189
5195
5195
5195
5199
5199
5201
5202
5204
5206
5211
5213
5214
5215
5215
5216
5217
5217
5218
5219
5219
5219
5222
5222
5225
5228
5230
5230
5232
5233
5234
5235
5236
5238
5238
5239
5240
5241
5242
5242
5242
5243
5243
5244
5246
5247
5247
5247
5247
5249
5249
5250
5250
5251
5252
5252
5252
5256
5256
5258
5259
5259
5262
5263
5265
5266
5268
5268
5269
5272
5273
5275
5277
5278
5279
5281
5282
5282
5284
5287
5287
5288
5290
5290
5291
5293
5293
5293
5294
5294
5296
5296
5297
5297
5297
5298
5299
5299
5299
5300
5301
5301
5301
5302
5303
5303
5304
5310
5310
5311
5311
5312
5314
5315
5316
5316
5317
5317
5317
5318
5324
5324
5326
5327
5330
5330
5333
5335
5336
5337
5339
5339
5339
5340
5342
5342
5342
5343
5344
5344
5347
5348
5349
5349
5350
5350
5351
5353
5355
5355
5356
5357
5358
5359
5360
5360
5360
5362
5362
5364
5365
5366
5366
5367
5368
5370
5371
5371
5372
5374
5374
5378
5378
5378
5378
5379
5380
5381
5382
5383
5383
5383
5384
5387
5387
5388
5389
5389
5391
5391
5391
5392
5393
5393
5395
5397
5398
5399
5401
5403
5403
5404
5405
5405
5406
5407
5408
5408
5409
5409
5409
5410
5412
5412
5415
5415
5417
5418
5418
5419
5420
5422
5423
5423
5424
5428
5432
5433
5434
5435
5435
5437
5438
5438
5439
5440
5441
5441
5444
5445
5445
5446
5447
5449
5449
5450
5450
5451
5452
5452
5454
5456
5457
5460
5462
5463
5465
5466
5466
5468
5468
5470
5470
5471
5471
5473
5474
5475
5476
5476
5476
5476
5477
5479
5479
5479
5482
5483
5483
5486
5486
5486
5489
5490
5491
5491
5493
5495
5496
5497
5498
5498
5498
5500
5500
5501
5503
5504
5504
5506
5508
5510
5511
5513
5513
5514
5515
5516
5516
5517
5518
5519
5519
5519
5520
5521
5522
5523
5524
5525
5527
5529
5529
5530
5530
5530
5531
5532
5532
5533
5534
5535
5535
5537
5538
5540
5543
5544
5544
5545
5546
5547
5547
5547
5548
5548
5549
5551
5551
5552
5552
5552
5552
5553
5554
5555
5559
5562
5563
5565
5566
5567
5567
5567
5567
5572
5573
5573
5574
5574
5575
5576
5577
5577
5579
5579
5580
5581
5582
5582
5582
5583
5584
5584
5584
5585
5587
5588
5588
5588
5589
5589
5589
5589
5589
5590
5590
5591
5591
5592
5592
5593
5594
5594
5595
5595
5596
5596
5596
5596
5597
5597
5600
5601
5602
5602
5603
5606
5606
5608
5610
5610
5611
5613
5613
5616
5618
5620
5620
5622
5627
5628
5630
5631
5632
5632
5636
5636
5638
5639
5639
5640
5641
5641
5643
5644
5647
5647
5647
5648
5649
5650
5652
5653
5654
5656
5656
5656
5658
5663
5664
5664
5664
5664
5665
5665
5671
5671
5673
5674
5675
5677
5677
5678
5681
5681
5681
5683
5683
5690
5691
5691
5692
5693
5695
5697
5698
5700
5700
5700
5703
5706
5707
5708
5709
5710
5711
5712
5713
5714
5714
5719
5719
5721
5721
5722
5722
5722
5723
5725
5726
5728
5729
5730
5730
5730
5731
5732
5732
5733
5737
5738
5738
5739
5740
5740
5741
5741
5741
5744
5748
5749
5752
5752
5752
5753
5753
5753
5754
5754
5755
5755
5756
5757
5758
5759
5760
5760
5762
5762
5763
5766
5769
5769
5771
5772
5772
5773
5776
5777
5778
5780
5781
5782
5782
5783
5786
5786
5788
5789
5794
5795
5795
5795
5795
5795
5796
5796
5796
5799
5802
5802
5805
5806
5806
5807
5808
5809
5811
5812
5813
5813
5814
5816
5817
5817
5818
5819
5820
5823
5824
5827
5830
5830
5832
5833
5833
5835
5836
5837
5837
5840
5841
5841
5841
5846
5846
5847
5848
5851
5852
5852
5853
5854
5854
5857
5857
5858
5859
5859
5859
5862
5862
5863
5863
5868
5871
5871
5872
5872
5873
5873
5874
5875
5877
5879
5879
5879
5880
5882
5883
5883
5885
5886
5887
5890
5893
5893
5893
5895
5895
5896
5897
5897
5897
5898
5898
5899
5900
5900
5900
5901
5903
5903
5904
5904
5908
5909
5909
5909
5911
5913
5913
5914
5914
5915
5920
5921
5923
5925
5925
5925
5926
5926
5928
5928
5929
5929
5930
5930
5932
5933
5933
5934
5935
5936
5937
5939
5941
5943
5945
5945
5945
5946
5947
5947
5948
5949
5950
5950
5951
5952
5952
5952
5952
5955
5958
5958
5960
5961
5962
5962
5962
5963
5964
5965
5967
5967
5967
5968
5971
5972
5972
5972
5973
5975
5976
5976
5977
5977
5978
5979
5979
5979
5980
5980
5981
5983
5984
5986
5987
5989
5990
5991
5991
5991
5993
5993
5996
5996
5998
5998
5998
5999
5999
6000
6000
6001
6002
6004
6005
6006
6008
6008
6008
6009
6010
6010
6010
6010
6011
6012
6012
6013
6015
6016
6016
6017
6018
6019
6020
6021
6022
6022
6022
6022
6024
6024
6026
6027
6027
6028
6029
6029
6032
6033
6034
6035
6037
6040
6042
6046
6048
6049
6050
6051
6051
6052
6052
6052
6053
6054
6054
6054
6054
6055
6055
6056
6057
6057
6057
6057
6058
6058
6059
6061
6061
6065
6066
6067
6067
6068
6068
6068
6069
6069
6069
6070
6072
6072
6074
6076
6077
6078
6078
6079
6080
6080
6081
6085
6086
6086
6086
6088
6088
6088
6088
6089
6089
6090
6091
6092
6092
6093
6093
6094
6094
6096
6097
6098
6098
6099
6099
6101
6101
6102
6103
6104
6105
6106
6106
6106
6108
6108
6109
6109
6110
6110
6113
6114
6114
6114
6116
6116
6116
6117
6117
6117
6119
6120
6122
6122
6124
6125
6127
6128
6129
6129
6132
6133
6133
6133
6133
6137
6137
6138
6139
6140
6141
6142
6142
6143
6143
6143
6143
6144
6144
6146
6147
6148
6152
6153
6156
6157
6157
6159
6159
6160
6162
6163
6164
6165
6165
6166
6167
6168
6169
6170
6171
6171
6171
6174
6177
6177
6177
6177
6177
6178
6179
6182
6182
6183
6184
6185
6185
6186
6186
6188
6189
6189
6189
6190
6190
6190
6190
6190
6191
6192
6193
6193
6193
6195
6196
6196
6197
6197
6197
6198
6198
6198
6199
6200
6200
6200
6201
6201
6202
6202
6202
6203
6203
6203
6204
6205
6207
6211
6212
6212
6213
6213
6215
6215
6216
6216
6217
6218
6219
6220
6220
6221
6221
6221
6222
6222
6223
6224
6226
6230
6231
6234
6235
6235
6236
6237
6237
6239
6242
6242
6243
6243
6243
6243
6243
6247
6248
6248
6248
6248
6250
6250
6250
6251
6253
6255
6256
6256
6257
6259
6260
6261
6263
6265
6265
6266
6267
6268
6269
6271
6272
6273
6275
6275
6276
6277
6277
6278
6279
6279
6280
6281
6281
6281
6282
6283
6283
6283
6285
6286
6288
6289
6289
6289
6289
6290
6292
6293
6293
6294
6294
6295
6295
6297
6298
6298
6299
6299
6299
6300
6301
6302
6302
6304
6305
6306
6306
6307
6309
6310
6313
6314
6315
6315
6317
6318
6319
6319
6319
6321
6321
6322
6322
6323
6325
6328
6328
6329
6330
6331
6332
6333
6335
6338
6339
6343
6344
6345
6346
6346
6346
6348
6350
6350
6351
6351
6352
6353
6355
6356
6357
6357
6361
6362
6362
6363
6363
6363
6364
6364
6364
6364
6368
6369
6373
6373
6373
6375
6376
6378
6379
6382
6382
6386
6386
6389
6389
6390
6390
6393
6394
6394
6395
6396
6396
6397
6398
6398
6399
6399
6400
6400
6401
6402
6402
6404
6405
6405
6406
6406
6406
6408
6409
6410
6410
6412
6415
6416
6417
6417
6417
6419
6421
6422
6424
6424
6425
6426
6426
6429
6429
6430
6431
6433
6434
6436
6438
6439
6439
6439
6440
6441
6444
6444
6446
6447
6449
6450
6450
6451
6454
6454
6454
6454
6455
6455
6455
6456
6456
6456
6458
6458
6461
6462
6462
6464
6464
6468
6468
6470
6470
6471
6471
6475
6475
6479
6479
6480
6481
6482
6483
6486
6487
6487
6488
6488
6489
6489
6490
6491
6492
6492
6492
6492
6493
6493
6494
6495
6495
6498
6498
6502
6503
6504
6504
6504
6505
6505
6507
6508
6512
6514
6515
6516
6517
6517
6517
6518
6518
6519
6519
6520
6521
6521
6522
6522
6522
6523
6526
6529
6530
6531
6532
6532
6533
6534
6534
6536
6536
6539
6541
6541
6543
6544
6544
6546
6547
6547
6548
6549
6550
6550
6550
6550
6551
6551
6551
6552
6553
6556
6557
6557
6559
6559
6559
6559
6562
6562
6563
6564
6565
6567
6568
6568
6569
6569
6570
6570
6571
6574
6575
6577
6578
6578
6579
6581
6581
6582
6584
6585
6586
6586
6587
6587
6587
6588
6588
6589
6589
6589
6593
6594
6594
6595
6596
6598
6601
6601
6603
6603
6605
6605
6606
6606
6607
6608
6609
6611
6612
6613
6618
6618
6618
6619
6620
6622
6622
6623
6625
6625
6627
6628
6630
6630
6631
6632
6633
6633
6633
6633
6633
6635
6635
6635
6637
6638
6638
6639
6640
6641
6641
6641
6643
6645
6645
6645
6649
6649
6649
6650
6652
6655
6656
6656
6657
6657
6657
6657
6658
6658
6659
6660
6661
6663
6665
6665
6666
6666
6668
6671
6671
6672
6672
6673
6676
6676
6676
6677
6678
6679
6679
6680
6681
6686
6687
6689
6689
6690
6690
6693
6697
6698
6698
6701
6703
6703
6703
6704
6705
6707
6709
6709
6709
6710
6710
6711
6711
6714
6714
6716
6717
6717
6717
6718
6719
6719
6719
6721
6722
6723
6723
6723
6723
6724
6724
6724
6725
6726
6727
6728
6729
6730
6730
6730
6731
6731
6733
6733
6733
6734
6734
6734
6735
6736
6736
6737
6738
6740
6740
6740
6741
6741
6742
6742
6744
6744
6745
6745
6748
6749
6749
6749
6749
6750
6752
6753
6754
6755
6757
6758
6759
6760
6760
6760
6763
6763
6765
6765
6765
6765
6767
6767
6768
6769
6771
6772
6773
6775
6776
6778
6779
6780
6780
6781
6782
6783
6783
6784
6785
6785
6786
6787
6788
6789
6789
6790
6790
6795
6797
6797
6797
6797
6798
6801
6801
6804
6804
6805
6805
6807
6807
6811
6812
6812
6813
6814
6814
6814
6815
6817
6818
6819
6820
6820
6821
6821
6822
6824
6826
6826
6827
6828
6829
6832
6836
6838
6838
6839
6841
6844
6844
6844
6845
6846
6846
6847
6848
6849
6849
6853
6855
6856
6858
6859
6861
6862
6863
6863
6864
6865
6865
6866
6866
6867
6868
6868
6868
6870
6870
6870
6871
6872
6875
6876
6877
6878
6879
6880
6881
6882
6882
6883
6884
6886
6886
6887
6888
6888
6889
6889
6889
6889
6889
6891
6891
6891
6893
6897
6897
6899
6899
6900
6902
6902
6904
6906
6906
6907
6908
6908
6909
6911
6912
6914
6914
6916
6916
6919
6919
6920
6921
6921
6922
6922
6924
6925
6927
6927
6929
6930
6931
6935
6936
6937
6937
6938
6938
6939
6939
6940
6942
6943
6943
6946
6947
6948
6948
6948
6948
6948
6950
6951
6952
6952
6954
6955
6955
6958
6958
6958
6959
6962
6962
6962
6962
6964
6966
6966
6966
6967
6968
6971
6972
6973
6974
6974
6975
6975
6975
6976
6979
6979
6979
6980
6981
6981
6981
6982
6982
6982
6983
6984
6985
6985
6987
6989
6990
6991
6991
6991
6992
6992
6993
6994
6997
6998
7004
7004
7005
7006
7006
7006
7007
7008
7011
7013
7013
7014
7015
7016
7017
7018
7019
7022
7022
7023
7023
7025
7025
7025
7026
7026
7027
7028
7029
7029
7030
7035
7036
7036
7036
7037
7038
7040
7042
7043
7044
7044
7045
7046
7047
7052
7053
7054
7057
7057
7057
7059
7059
7065
7067
7070
7072
7073
7073
7073
7075
7076
7077
7078
7082
7082
7083
7084
7087
7089
7090
7090
7091
7091
7093
7093
7094
7098
7100
7100
7100
7100
7101
7101
7102
7102
7102
7104
7106
7108
7109
7109
7112
7112
7113
7113
7115
7116
7117
7118
7118
7119
7120
7120
7122
7122
7124
7124
7125
7125
7125
7126
7126
7126
7127
7128
7131
7131
7132
7132
7134
7134
7135
7138
7140
7141
7141
7142
7143
7144
7145
7148
7149
7158
7160
7161
7161
7161
7161
7162
7163
7164
7164
7164
7166
7167
7167
7168
7168
7168
7171
7172
7172
7174
7175
7176
7176
7176
7179
7179
7185
7186
7186
7188
7189
7189
7190
7193
7193
7194
7195
7195
7196
7197
7197
7200
7200
7201
7201
7202
7202
7202
7202
7206
7207
7211
7212
7213
7215
7216
7217
7217
7218
7219
7220
7221
7221
7222
7222
7222
7224
7225
7226
7227
7228
7231
7233
7234
7234
7235
7235
7235
7236
7236
7237
7243
7243
7244
7247
7247
7248
7249
7251
7251
7251
7252
7252
7253
7255
7259
7259
7260
7261
7262
7263
7264
7264
7264
7265
7266
7268
7270
7271
7272
7273
7274
7274
7275
7276
7277
7277
7278
7278
7281
7281
7282
7282
7282
7282
7283
7284
7285
7285
7286
7286
7288
7289
7290
7290
7291
7292
7293
7295
7295
7296
7296
7300
7300
7300
7301
7301
7304
7305
7308
7308
7308
7309
7311
7312
7313
7314
7315
7316
7317
7318
7320
7322
7322
7323
7324
7329
7330
7333
7333
7334
7335
7335
7337
7340
7340
7342
7342
7345
7346
7347
7347
7349
7349
7349
7350
7350
7351
7351
7353
7354
7354
7355
7356
7356
7356
7358
7359
7363
7364
7365
7366
7366
7367
7367
7368
7368
7369
7371
7375
7375
7375
7378
7378
7382
7383
7383
7384
7384
7385
7387
7388
7388
7388
7390
7390
7392
7393
7395
7396
7397
7401
7401
7403
7404
7404
7404
7404
7405
7405
7405
7406
7406
7409
7409
7409
7411
7412
7414
7415
7415
7415
7415
7417
7418
7421
7421
7422
7422
7423
7426
7429
7429
7432
7434
7435
7435
7436
7436
7437
7437
7439
7440
7440
7442
7442
7442
7444
7445
7446
7446
7448
7452
7452
7453
7455
7459
7459
7459
7459
7460
7460
7461
7461
7462
7463
7463
7464
7464
7465
7467
7468
7473
7473
7474
7474
7475
7477
7478
7478
7481
7485
7486
7487
7487
7487
7488
7488
7490
7491
7491
7492
7494
7494
7496
7496
7496
7497
7497
7499
7500
7500
7502
7502
7503
7505
7506
7506
7509
7512
7512
7515
7515
7517
7518
7518
7519
7519
7519
7523
7525
7526
7527
7527
7528
7529
7529
7534
7534
7535
7536
7538
7540
7540
7540
7542
7542
7542
7543
7544
7544
7549
7550
7550
7551
7553
7553
7554
7554
7556
7556
7556
7557
7559
7559
7559
7561
7562
7566
7567
7567
7567
7567
7567
7568
7568
7568
7569
7570
7570
7570
7570
7572
7574
7574
7574
7576
7576
7578
7578
7580
7580
7581
7583
7584
7586
7587
7588
7590
7590
7591
7593
7595
7600
7600
7601
7601
7601
7602
7602
7602
7605
7605
7610
7610
7610
7615
7616
7618
7618
7621
7621
7621
7625
7626
7626
7626
7629
7629
7630
7634
7635
7635
7635
7636
7638
7638
7638
7641
7641
7641
7641
7642
7642
7643
7643
7644
7644
7645
7646
7647
7647
7648
7648
7649
7650
7650
7650
7650
7650
7651
7652
7653
7654
7655
7657
7657
7661
7661
7662
7662
7664
7667
7667
7667
7668
7669
7670
7671
7672
7672
7672
7674
7674
7675
7676
7677
7679
7680
7685
7686
7686
7686
7688
7689
7690
7690
7691
7692
7693
7693
7694
7694
7698
7698
7701
7702
7702
7702
7703
7707
7708
7709
7709
7711
7712
7714
7715
7719
7721
7721
7721
7721
7721
7722
7725
7726
7726
7727
7727
7727
7728
7729
7731
7732
7732
7733
7733
7734
7734
7735
7735
7736
7737
7738
7739
7740
7740
7740
7742
7742
7743
7745
7747
7747
7748
7748
7748
7750
7751
7751
7752
7752
7754
7757
7758
7763
7765
7767
7771
7773
7776
7778
7779
7779
7779
7780
7784
7786
7786
7786
7786
7787
7789
7791
7791
7791
7793
7793
7797
7799
7800
7801
7802
7803
7803
7805
7805
7806
7806
7806
7807
7807
7808
7810
7811
7812
7814
7815
7816
7816
7816
7816
7817
7819
7819
7820
7822
7822
7822
7825
7825
7826
7826
7827
7829
7831
7832
7832
7834
7836
7836
7838
7838
7839
7841
7841
7841
7843
7848
7849
7852
7853
7853
7853
7855
7855
7855
7857
7858
7860
7862
7864
7864
7864
7866
7867
7868
7869
7871
7871
7871
7876
7876
7876
7877
7879
7882
7886
7888
7890
7891
7891
7892
7893
7894
7895
7897
7897
7900
7900
7901
7902
7903
7903
7904
7904
7907
7908
7909
7910
7911
7911
7911
7911
7912
7913
7913
7914
7914
7915
7918
7919
7919
7920
7921
7923
7923
7924
7926
7927
7928
7928
7928
7929
7930
7932
7932
7933
7933
7933
7934
7935
7938
7938
7940
7942
7943
7944
7947
7950
7950
7951
7952
7952
7953
7954
7955
7956
7957
7958
7959
7959
7960
7964
7965
7965
7967
7971
7972
7972
7973
7973
7978
7978
7979
7979
7979
7981
7981
7982
7982
7982
7985
7986
7987
7987
7988
7989
7990
7992
7996
7997
7997
7998
7998
8000
8000
8002
8002
8003
8003
8004
8004
8004
8005
8007
8007
8007
8008
8008
8010
8010
8010
8010
8011
8011
8011
8012
8013
8013
8016
8017
8018
8019
8020
8021
8022
8025
8025
8027
8027
8027
8027
8027
8029
8030
8032
8032
8034
8034
8035
8039
8039
8039
8039
8041
8042
8044
8046
8047
8047
8048
8048
8048
8049
8050
8052
8052
8054
8056
8058
8059
8060
8061
8062
8062
8062
8064
8065
8066
8066
8067
8070
8070
8070
8072
8072
8073
8075
8077
8077
8078
8080
8080
8082
8083
8085
8086
8088
8089
8090
8090
8090
8091
8091
8091
8092
8092
8093
8094
8094
8095
8096
8097
8098
8099
8099
8099
8099
8100
8101
8102
8103
8103
8104
8105
8105
8106
8108
8109
8110
8111
8112
8116
8117
8117
8119
8119
8121
8122
8123
8123
8124
8124
8124
8125
8126
8126
8128
8128
8128
8130
8131
8132
8132
8133
8135
8136
8137
8138
8139
8139
8140
8141
8142
8142
8143
8143
8144
8145
8147
8149
8149
8150
8150
8151
8152
8153
8153
8154
8155
8157
8157
8158
8158
8159
8161
8161
8161
8163
8168
8171
8172
8173
8173
8174
8176
8179
8179
8180
8182
8185
8186
8186
8187
8189
8191
8191
8192
8193
8194
8194
8194
8194
8196
8197
8198
8199
8201
8201
8202
8202
8203
8203
8204
8205
8205
8205
8206
8207
8207
8208
8208
8209
8210
8212
8212
8212
8212
8213
8213
8213
8213
8217
8217
8218
8219
8219
8220
8220
8220
8221
8223
8224
8224
8225
8225
8228
8229
8229
8229
8231
8232
8233
8234
8235
8235
8237
8238
8238
8239
8241
8241
8242
8243
8243
8245
8249
8249
8249
8251
8251
8251
8252
8253
8254
8260
8262
8265
8266
8267
8268
8269
8270
8270
8270
8271
8272
8276
8276
8276
8277
8278
8280
8281
8283
8283
8285
8285
8285
8286
8286
8287
8288
8288
8289
8289
8290
8290
8300
8304
8305
8306
8306
8307
8308
8308
8308
8308
8309
8310
8310
8311
8313
8314
8315
8315
8319
8320
8322
8322
8323
8327
8329
8330
8331
8331
8331
8332
8332
8332
8335
8335
8337
8337
8338
8338
8339
8341
8342
8342
8347
8347
8348
8348
8348
8348
8349
8351
8351
8352
8354
8354
8355
8355
8357
8357
8357
8357
8358
8360
8361
8362
8362
8364
8364
8364
8365
8370
8372
8373
8374
8374
8377
8377
8379
8380
8380
8381
8381
8381
8381
8382
8383
8384
8385
8386
8387
8389
8389
8391
8391
8392
8392
8392
8393
8394
8395
8395
8395
8399
8400
8401
8403
8404
8405
8406
8409
8409
8410
8410
8410
8411
8411
8416
8416
8419
8420
8421
8421
8424
8425
8426
8429
8430
8432
8434
8434
8436
8437
8438
8438
8441
8441
8443
8444
8444
8446
8451
8451
8453
8453
8456
8456
8457
8457
8458
8460
8460
8460
8462
8462
8463
8463
8464
8465
8466
8469
8470
8472
8474
8474
8476
8476
8476
8478
8478
8480
8480
8481
8482
8482
8482
8483
8484
8487
8488
8489
8490
8491
8492
8493
8494
8495
8497
8497
8498
8498
8498
8500
8500
8504
8505
8506
8506
8506
8507
8507
8509
8509
8514
8515
8517
8517
8518
8519
8522
8522
8523
8525
8526
8527
8527
8528
8532
8533
8533
8533
8536
8537
8538
8538
8540
8541
8541
8543
8544
8545
8545
8545
8548
8549
8550
8550
8552
8552
8552
8553
8554
8555
8556
8557
8557
8558
8559
8560
8561
8565
8567
8568
8570
8571
8572
8574
8577
8579
8579
8579
8581
8581
8582
8582
8583
8583
8584
8584
8585
8587
8588
8589
8593
8593
8594
8596
8596
8596
8597
8597
8598
8600
8601
8603
8604
8607
8607
8608
8608
8608
8609
8610
8610
8610
8612
8612
8615
8615
8616
8619
8621
8622
8623
8627
8628
8628
8630
8630
8633
8636
8637
8638
8642
8642
8643
8643
8644
8645
8646
8646
8648
8649
8650
8650
8650
8650
8652
8653
8655
8655
8657
8657
8659
8660
8661
8662
8662
8663
8663
8664
8664
8668
8668
8669
8670
8670
8670
8671
8673
8673
8674
8674
8674
8678
8678
8678
8678
8678
8679
8680
8681
8683
8684
8685
8686
8686
8686
8687
8688
8689
8691
8691
8692
8693
8693
8694
8695
8696
8696
8697
8697
8697
8701
8703
8704
8704
8706
8707
8708
8708
8709
8710
8710
8710
8711
8716
8719
8720
8720
8722
8726
8727
8728
8728
8730
8731
8732
8732
8733
8733
8733
8736
8736
8738
8738
8739
8740
8743
8743
8746
8746
8748
8749
8750
8751
8752
8752
8753
8753
8754
8754
8755
8755
8755
8758
8758
8760
8761
8761
8761
8762
8762
8764
8765
8766
8768
8770
8771
8773
8773
8776
8778
8778
8779
8780
8782
8783
8785
8785
8786
8788
8789
8789
8790
8791
8794
8795
8796
8796
8799
8800
8800
8803
8805
8805
8805
8806
8806
8806
8807
8808
8808
8810
8810
8812
8813
8814
8815
8817
8817
8818
8820
8824
8825
8825
8825
8825
8826
8827
8829
8829
8830
8830
8830
8830
8831
8831
8832
8834
8834
8835
8836
8837
8838
8841
8843
8844
8844
8846
8846
8848
8848
8851
8854
8854
8856
8858
8858
8858
8859
8859
8859
8860
8861
8862
8864
8864
8865
8865
8865
8867
8868
8869
8872
8872
8876
8877
8879
8880
8880
8881
8882
8882
8884
8885
8886
8888
8890
8891
8892
8893
8894
8894
8896
8897
8899
8899
8901
8904
8904
8907
8908
8908
8908
8909
8909
8910
8913
8913
8916
8917
8918
8920
8921
8921
8921
8922
8922
8924
8926
8931
8932
8932
8936
8939
8939
8940
8940
8942
8943
8943
8943
8945
8945
8948
8949
8950
8950
8951
8951
8953
8953
8953
8954
8954
8956
8957
8958
8958
8959
8960
8960
8961
8963
8964
8964
8966
8967
8968
8972
8972
8976
8976
8976
8976
8978
8979
8979
8979
8980
8983
8984
8985
8987
8988
8989
8991
8992
8994
8994
8996
8997
8999
8999
9000
9000
9003
9004
9005
9007
9008
9009
9010
9010
9013
9013
9014
9016
9019
9021
9021
9022
9023
9023
9024
9025
9025
9028
9028
9030
9031
9031
9031
9033
9035
9038
9038
9039
9039
9040
9041
9042
9043
9044
9047
9048
9051
9052
9052
9053
9055
9056
9056
9058
9058
9062
9063
9064
9064
9066
9067
9068
9074
9074
9074
9074
9075
9076
9077
9079
9079
9079
9080
9080
9081
9084
9087
9089
9089
9090
9090
9095
9095
9096
9097
9097
9098
9099
9101
9101
9103
9105
9106
9107
9107
9107
9109
9110
9111
9112
9115
9115
9116
9116
9116
9116
9116
9118
9120
9120
9121
9123
9126
9128
9128
9130
9131
9131
9132
9134
9134
9136
9136
9138
9138
9138
9138
9139
9139
9139
9140
9141
9141
9142
9142
9143
9146
9147
9147
9149
9150
9150
9151
9152
9152
9156
9158
9158
9160
9160
9160
9161
9161
9163
9164
9165
9165
9166
9167
9171
9171
9173
9173
9174
9174
9174
9175
9176
9177
9178
9179
9180
9182
9182
9183
9184
9184
9185
9186
9186
9187
9189
9189
9190
9195
9195
9197
9197
9199
9199
9200
9200
9201
9202
9203
9203
9204
9205
9206
9207
9208
9210
9210
9211
9211
9214
9214
9215
9215
9216
9218
9219
9219
9220
9220
9220
9221
9222
9222
9222
9222
9222
9222
9223
9226
9229
9230
9231
9232
9233
9235
9236
9237
9238
9239
9239
9240
9241
9242
9242
9244
9244
9245
9247
9251
9254
9254
9254
9255
9259
9259
9260
9260
9260
9261
9261
9262
9262
9263
9263
9263
9263
9263
9267
9268
9270
9270
9271
9271
9272
9273
9274
9274
9274
9275
9277
9278
9279
9279
9279
9279
9280
9281
9282
9282
9282
9284
9284
9285
9286
9286
9287
9289
9290
9290
9296
9296
9296
9297
9297
9299
9301
9301
9302
9302
9303
9303
9305
9305
9306
9307
9308
9308
9309
9311
9312
9313
9316
9316
9317
9318
9324
9327
9329
9329
9330
9331
9332
9332
9332
9333
9333
9336
9338
9338
9342
9342
9344
9345
9345
9345
9348
9350
9351
9352
9353
9354
9355
9356
9358
9359
9359
9359
9360
9360
9360
9362
9363
9364
9366
9366
9367
9367
9368
9368
9369
9369
9369
9372
9372
9374
9375
9375
9376
9377
9377
9379
9379
9380
9380
9381
9381
9381
9383
9384
9384
9387
9388
9388
9389
9389
9390
9393
9395
9395
9395
9396
9397
9398
9398
9402
9403
9405
9405
9406
9406
9407
9408
9409
9410
9410
9411
9412
9412
9414
9414
9415
9417
9419
9420
9421
9421
9423
9425
9426
9427
9427
9428
9429
9429
9431
9434
9435
9436
9436
9438
9441
9441
9443
9443
9444
9446
9446
9448
9449
9450
9451
9451
9451
9453
9453
9455
9455
9455
9455
9457
9457
9458
9459
9461
9461
9461
9461
9463
9463
9464
9464
9466
9467
9467
9468
9468
9469
9470
9470
9470
9471
9471
9472
9473
9474
9475
9475
9476
9477
9477
9478
9481
9481
9482
9482
9484
9485
9486
9489
9490
9491
9492
9493
9496
9497
9497
9499
9500
9501
9501
9501
9501
9502
9502
9502
9502
9503
9503
9505
9508
9509
9511
9512
9514
9514
9514
9515
9516
9517
9518
9519
9519
9519
9520
9521
9521
9524
9525
9525
9526
9528
9532
9533
9534
9535
9535
9535
9536
9537
9538
9538
9541
9542
9544
9547
9548
9549
9550
9551
9552
9553
9554
9554
9555
9555
9556
9557
9557
9557
9558
9558
9558
9559
9561
9561
9562
9563
9563
9564
9564
9565
9566
9566
9567
9569
9570
9571
9571
9571
9573
9575
9576
9576
9577
9577
9578
9578
9578
9579
9579
9579
9581
9582
9582
9582
9582
9583
9583
9583
9583
9584
9584
9584
9584
9585
9586
9586
9587
9591
9591
9592
9593
9597
9597
9598
9598
9598
9599
9600
9601
9601
9602
9604
9605
9607
9607
9609
9610
9612
9613
9614
9614
9618
9618
9619
9620
9621
9622
9623
9624
9624
9625
9626
9626
9627
9627
9628
9631
9632
9632
9633
9634
9634
9634
9635
9636
9638
9641
9641
9642
9642
9643
9643
9643
9644
9645
9645
9645
9649
9649
9650
9652
9653
9653
9653
9656
9657
9657
9658
9660
9661
9662
9664
9666
9666
9668
9670
9670
9671
9671
9671
9672
9673
9673
9673
9674
9674
9674
9675
9676
9676
9677
9680
9680
9681
9683
9684
9684
9685
9685
9685
9686
9686
9686
9688
9688
9688
9689
9690
9693
9693
9695
9696
9697
9698
9698
9698
9699
9700
9701
9701
9701
9704
9704
9704
9705
9708
9708
9710
9710
9711
9711
9711
9713
9715
9715
9717
9718
9718
9721
9721
9722
9722
9723
9723
9724
9725
9725
9725
9725
9726
9727
9727
9727
9728
9728
9728
9730
9731
9731
9732
9732
9732
9732
9734
9735
9736
9738
9739
9740
9742
9743
9743
9745
9745
9746
9748
9749
9749
9750
9750
9750
9751
9753
9754
9755
9755
9755
9756
9758
9758
9761
9761
9761
9762
9762
9763
9763
9765
9766
9767
9768
9768
9768
9769
9770
9770
9771
9772
9772
9777
9778
9779
9780
9780
9780
9783
9785
9788
9789
9790
9791
9792
9792
9793
9793
9793
9795
9797
9798
9799
9799
9799
9799
9800
9801
9801
9802
9802
9802
9804
9804
9804
9805
9806
9807
9810
9813
9813
9814
9814
9814
9816
9816
9817
9819
9820
9821
9821
9823
9823
9824
9824
9825
9825
9825
9826
9826
9826
9827
9827
9827
9828
9828
9829
9831
9832
9834
9837
9837
9840
9841
9842
9843
9843
9844
9844
9846
9848
9850
9850
9852
9855
9856
9857
9858
9859
9860
9862
9862
9863
9865
9865
9865
9866
9868
9869
9871
9873
9874
9877
9878
9879
9879
9881
9881
9881
9882
9883
9885
9886
9886
9888
9889
9889
9889
9890
9891
9894
9894
9895
9896
9896
9896
9897
9897
9897
9897
9898
9899
9900
9901
9902
9906
9907
9909
9910
9910
9914
9915
9915
9915
9916
9919
9920
9922
9923
9925
9927
9928
9929
9931
9932
9932
9932
9933
9933
9936
9936
9938
9941
9942
9943
9944
9945
9945
9945
9946
9946
9948
9949
9949
9953
9955
9956
9956
9956
9957
9957
9957
9957
9958
9962
9964
9965
9965
9966
9966
9967
9967
9967
9968
9968
9968
9969
9971
9972
9972
9973
9973
9973
9974
9974
9975
9977
9979
9980
9980
9980
9984
9984
9985
9987
9988
9988
9989
9990
9994
9995
9995
9997
9998
9999
9999