7444
9968
6984
1114
341
8372
7661
8192
5450
6396
2086
2392
3962
6243
4958
2278
3369
932
3873
3543
313
8492
7621
5259
7959
4168
9097
4470
1045
4409
6672
9368
1339
1072
2416
7512
8541
2863
4027
744
8234
9584
363
9051
3629
1133
7953
8985
4472
1795
4839
2904
11
5636
9358
372
2231
5452
3091
6475
1169
4429
4172
4604
5310
9499
8673
7831
3002
9490
8451
5898
6703
3730
9272
7610
5588
460
8908
7435
9556
8872
8693
5725
2115
6709
8112
3093
5904
7387
2621
3910
5958
3513
1104
9584
448
9453
9239
3222
2444
2694
8968
252
1579
3103
7168
158
3760
5584
4887
8978
3721
3094
447
8150
8864
8926
4358
9081
2229
4840
7849
9407
4429
5760
8950
2781
8500
750
9756
9244
6424
9989
8323
1275
7131
561
2928
1640
1951
9624
6641
1393
4891
5282
4670
9533
5360
5051
6705
9889
6587
1236
9097
2874
2006
5935
4940
8233
8478
8117
3328
9074
205
5996
5632
9571
6067
7728
4443
6078
9704
6108
1886
5647
1175
7463
5769
5857
7525
5473
159
656
9534
5239
5503
2712
1694
3614
6256
9202
3792
1432
1714
5795
8105
6744
4506
4030
9352
4742
7176
9390
5397
1129
9558
4324
7436
3239
5567
7077
2456
4439
5726
4119
7677
7635
6981
8360
3552
2014
8649
4317
1946
3675
2278
8161
1244
5466
5795
8650
5287
9311
2375
1243
5575
9109
3473
3083
2570
6951
9116
9583
2320
7388
4772
8958
1589
3997
1700
4823
9555
3501
9780
7174
3053
2948
6719
4420
6220
61
5885
6740
7635
7406
6379
920
1896
7519
9881
7567
7231
9586
7591
9600
5169
2498
3038
2385
3986
6295
4939
9369
2810
2825
3305
4724
5094
1640
9074
9541
7567
6865
5504
1938
9933
1418
7540
3730
964
1812
1342
4767
8
9486
9882
7429
878
2079
4607
6406
5591
4117
2003
4330
452
8865
1279
9393
989
8846
537
544
2507
7694
2098
5656
6052
7429
2404
3440
5584
8331
312
2971
5349
6189
8128
7978
3198
8089
2473
1859
6752
9743
7323
5049
4031
8097
2850
302
5151
2120
7919
526
3555
7852
8338
9721
1099
3656
7125
7838
7812
1698
8921
9956
9732
7578
5133
4219
8786
7243
8803
8331
1922
3358
2345
5105
2434
4782
2417
6190
9087
5799
9878
4231
2358
4164
6027
4225
2570
334
8608
2399
5554
506
5752
2360
7106
3468
2665
2237
9750
265
9473
3171
264
7820
6105
2691
904
6557
2995
9826
9098
7778
6110
3922
1157
1641
8464
9500
3923
7625
5897
2900
2358
3774
96
6989
9724
3018
5547
3855
9727
1456
6889
3985
4946
2024
442
1021
8864
203
2052
8016
1091
9010
5899
8924
4531
9772
6897
5648
9457
3308
7562
5527
3546
5078
7222
6862
812
3645
6426
5909
1510
9736
1536
685
9980
6593
907
4639
1905
5644
8290
5783
172
1710
131
3439
2029
428
1850
7004
7758
5445
1233
1836
1597
3033
6723
6814
5596
3451
9387
1209
7502
7253
4196
7268
8693
4322
8988
483
4361
8762
2375
6177
5551
3500
9040
6973
3950
8093
236
2670
7236
2024
2320
4224
8307
1701
8661
2976
451
6409
4412
4778
1468
4178
2279
7629
5156
4544
9742
6619
2970
664
1742
2158
6522
7841
2137
5059
4534
942
9318
2515
6027
5053
3708
158
7979
612
9973
3937
687
5211
684
2764
6329
3631
6955
5468
6222
8844
6783
9598
5235
4152
696
5017
4948
6711
5035
9408
9544
3293
6822
1872
9821
3211
5406
4856
9136
7115
4452
129
1145
9843
4589
4257
4965
9609
6679
4606
8288
9570
2813
7580
9941
1504
2446
3567
3014
7143
3615
4493
2675
2961
8429
8872
3196
9134
5653
4934
9296
6623
3164
5563
3646
5590
7415
6556
9121
7426
8108
7329
363
9936
2139
3598
4904
6908
6054
4414
1145
6559
1843
2121
7500
5863
2955
4608
9591
9984
1795
8269
7057
6821
5105
2585
994
729
7124
895
4522
1015
9850
9210
5168
2460
8357
4935
8138
7251
9551
5434
437
357
6106
3656
1918
3781
8394
1453
1184
7395
1693
7648
3552
7351
4338
1379
4068
7255
5215
5807
4818
7140
9557
7
358
9547
1757
929
9537
6201
8383
6846
6633
6568
8616
9750
7342
4334
9802
3597
8655
7938
5731
9420
1551
1888
1770
8339
2164
6804
1154
877
3681
220
8807
9715
8711
2157
2859
4870
9564
2739
1465
6480
8463
833
2195
9147
1769
6579
247
4379
9889
7590
2440
4435
1047
2178
277
6786
1214
8400
447
3431
1971
3729
4017
9111
8444
8778
7464
5418
3863
1806
3487
9826
7732
8789
329
3803
2967
9174
1203
7459
1545
8077
1697
1956
6979
5424
7857
1952
8047
5639
4960
7911
6735
7601
3022
523
2276
607
5456
414
2051
5493
9538
3510
7042
4991
5517
8574
6197
3122
8753
5233
2667
1875
6650
7492
7403
3912
8419
6253
6565
3703
4595
9649
9685
1196
5356
3123
5422
1128
1606
449
9957
5719
8110
7446
6221
6966
4182
2877
3711
5324
1805
5247
5681
1462
5504
4643
1882
1352
6429
3343
761
8404
6086
9270
435
3178
3875
8004
7567
70
1683
5095
7667
2640
2165
2969
9848
6861
8991
1560
1741
3320
4502
903
7168
7927
6559
4901
865
5273
9726
5608
1059
2981
5471
7960
3968
7806
8858
8596
9680
541
7113
9671
8010
9128
1189
1184
1934
8806
6863
3705
3278
8025
8379
8567
5723
6584
3567
6451
3394
1060
8894
2339
909
5510
5040
6875
7296
666
1199
2972
3438
5491
9173
3821
3741
9089
1698
596
4451
4867
51
1417
416
2387
8159
9821
5589
6012
5158
1222
9329
3628
5378
4051
696
5293
4791
2676
6292
4141
9023
9599
9770
2431
7161
669
1857
2089
8495
1862
899
9171
6519
2008
9331
8652
7383
3404
2224
8882
6962
9263
3248
4159
7645
7793
7816
1417
8921
5384
4372
1420
61
2826
8958
4666
3849
5055
2397
6054
141
8391
4078
9713
4932
3142
7605
4380
3079
4993
6099
2131
6456
4307
572
5915
3076
49
9945
9605
4991
7986
1225
2669
8100
3703
995
8749
8920
8381
9824
6345
7401
1826
6081
7786
2110
6541
5622
817
6015
9967
3016
1758
1979
1791
2857
2824
2445
2819
5108
3665
8657
4499
7808
2312
7160
6116
3372
8976
1598
5185
503
8354
3830
7641
7423
6144
8003
3725
3341
3627
2419
2845
7368
4357
2673
8460
9579
4183
7550
3616
4957
6517
3104
8139
941
349
1025
1148
4893
3362
6186
5415
9419
8444
7649
2720
8158
5587
6948
7703
2739
5357
294
5175
3303
3774
8007
1710
5141
2527
722
8908
8171
2238
9896
3751
1099
2797
7988
703
9260
3475
6426
5009
8457
4404
6256
253
870
5101
4732
2515
3544
7692
8836
1817
4220
7719
7295
1551
1298
2180
1386
6979
1257
2266
2376
6271
1305
865
5107
314
870
7550
3441
2487
3572
675
3353
4384
9348
1747
3429
2882
2656
4999
840
55
3908
1748
4450
1116
9804
6645
4251
79
1658
6068
2693
3443
8881
6234
4338
824
5755
7747
4849
9303
8185
6276
9521
7544
9203
8420
3785
3628
5432
656
1481
7688
5009
139
6373
1784
3688
7045
3850
4166
1442
5977
9881
1505
7260
2656
9901
5222
9223
9725
752
6433
739
780
529
1688
9149
1362
112
5862
1211
5610
1049
7274
7491
5181
6010
8550
9274
1470
8607
540
4071
7570
7486
2566
8358
3373
6795
8142
2580
1670
1466
4535
4044
3087
5962
4968
6658
9840
4821
9792
935
7309
8960
8830
4147
7568
9965
1127
8738
9607
1395
3442
3381
262
6813
1460
6844
6390
707
3057
9003
9177
2475
2628
8280
8691
7879
2828
8643
6297
4331
1662
905
1646
6346
2292
3488
516
3514
4859
2568
3380
7028
4393
5552
3218
7439
6665
6142
7057
3419
9579
1306
7349
7075
9278
9211
1077
6985
2776
1593
3520
8029
1310
9671
9175
6142
5383
5681
9099
4287
7036
9902
3524
8758
8220
9472
4824
2569
2636
6931
5958
6570
6350
3852
1757
2340
7288
6106
7726
9681
5879
2589
8703
1440
2044
9980
4065
9342
8161
6661
4407
6849
5259
9945
8491
8638
6182
2754
9455
2694
9670
2180
7853
8552
7017
29
5301
9953
2149
4662
7497
445
7445
4198
2442
8670
7057
4301
3553
7355
2988
3995
4480
2123
3546
9897
3635
1034
9526
6266
7734
1233
174
567
8782
212
8117
7100
1013
9150
302
8460
8472
2357
5366
2459
6547
9004
1029
6871
5045
8515
5943
3338
9187
538
6079
6408
7990
3315
9946
3500
5979
6814
1872
4576
6826
8349
7576
5005
6868
5281
4834
3168
6943
6544
7791
2986
6008
8808
1576
1470
4228
5344
3081
784
5859
1932
448
2485
6736
2634
9451
6305
3649
5246
4629
7802
3758
7650
4879
4416
9749
8229
8314
5460
8123
5268
3219
3578
4501
3681
3661
909
2810
1675
7567
7167
1129
6771
9828
5732
6170
4537
5763
5247
1806
548
9013
460
2828
2471
9271
425
8843
2023
6841
8119
2991
4450
208
1808
5340
6
3034
879
3256
1192
5887
3107
9350
7866
1926
6950
5482
1509
9501
8285
8506
1619
2896
2827
1087
9886
8032
9626
8692
6394
9353
6293
1539
6310
9381
2129
3261
8131
6550
8000
8841
7860
8907
9565
1441
4395
7892
7512
9650
4987
3054
8950
8673
5606
644
306
6726
6148
9632
4954
1795
2090
7957
3522
2156
7073
3399
4008
842
6061
4843
4993
6585
2354
2973
6504
7234
2806
3013
5403
4748
5405
5324
6022
9708
7464
9240
5316
9675
6876
2179
9949
1843
8286
1332
3469
3104
8738
3065
4916
9141
5409
62
2816
6378
2436
9895
5018
8270
5337
6656
1558
6021
2019
5589
1126
8347
8119
4308
5920
829
6010
8142
5911
566
7281
6908
3326
8481
291
9405
1788
8791
588
5500
2786
1468
7559
7661
3426
7932
1811
7128
9446
2023
9684
5928
2516
675
8943
9152
4668
22
4606
2458
1936
2767
6550
6994
6742
3515
5044
4904
5579
116
2133
3091
144
8967
4851
5535
2024
6603
888
9980
4923
3533
1258
2469
8276
9457
9972
6097
1203
916
9871
5311
2172
2560
9866
2496
9731
6742
8643
4004
155
2208
3939
2773
9345
9364
3538
27
1659
4854
2388
453
5079
7368
5782
7998
6783
280
4331
8062
9721
9150
8011
5882
2417
3064
423
6805
8740
9813
8518
959
7877
9881
3002
4724
8225
6143
9770
5365
4111
4506
742
4162
3959
6541
2893
4817
1982
6068
2413
4302
1267
9859
3826
9503
4215
5146
7354
908
8331
2079
2992
7952
3531
9686
2113
9308
4342
4547
230
962
5596
1046
20
638
3927
2168
6395
1953
5817
9653
2846
7285
6633
124
2523
6686
9966
6878
6230
9461
1953
4237
1498
4324
1106
1098
477
6114
3043
3335
9561
1395
2251
580
3444
9379
8000
2144
3485
9476
6826
2047
5404
1961
1503
2456
8899
4197
8600
6765
8209
6078
9730
8070
2990
4688
3637
5729
8909
5420
899
4052
1242
1625
1311
4207
7335
3663
1970
9700
5133
260
7378
8059
1179
3723
3546
148
6775
6748
5423
1324
7979
9184
8664
8337
6077
2428
4108
8897
4317
4978
226
93
376
2650
1532
3601
5967
6728
4048
1610
4790
1544
5262
6804
5514
1350
1902
7201
2861
9064
5811
1580
9089
5515
2994
717
7517
728
3463
9915
5007
3682
1528
2827
3832
5172
8217
843
5846
4255
8708
8674
7767
8109
9915
6243
7650
9279
9042
2467
9898
9028
47
9728
1986
4714
3781
501
2195
9160
6817
2399
729
3008
4133
9799
2282
4187
3832
1784
1225
4468
4532
8961
5450
6286
2656
4771
7022
4660
3929
1945
2759
9056
5519
8891
3754
6736
6143
928
3550
9674
6488
3839
3678
9237
285
1654
9372
3474
7485
1492
3552
5873
138
436
8581
471
4168
7648
5171
4842
7375
6440
204
3472
2426
8030
8245
1555
2493
2687
4208
7164
7378
2347
9138
8149
2178
8817
6665
2941
6563
3751
1530
1900
156
6058
9942
1899
8722
7601
5593
1084
7897
3281
7729
5620
6267
5249
3834
2381
8102
5215
2811
2280
3361
982
1660
6824
6489
9477
1009
3794
9894
7590
3147
8697
8289
6464
8813
1868
1238
2443
3645
9115
4529
2944
2007
355
1419
3549
7981
2375
3375
4571
5401
4069
8143
3890
1160
2727
3723
4411
4285
3046
9305
3299
6948
3906
4536
1583
5330
9788
7005
3722
9896
3379
3856
6733
1868
2237
7459
4776
3624
5947
8663
7100
8628
2695
8619
799
3477
8922
422
1013
2897
4598
1909
1351
5520
1378
4145
8943
7987
3366
3460
9238
3222
5052
4820
8570
9388
2403
9634
8719
1303
3972
2821
1840
9362
8458
7929
3793
6203
9772
4035
8778
9247
3912
4822
2510
3985
1922
4877
6109
9409
3062
84
6519
571
3776
9195
5671
5252
760
7342
229
1706
4042
129
5965
156
4838
136
414
5395
3276
9559
4810
614
224
4451
2464
3876
3451
6051
7869
2367
2067
445
916
8469
8052
8266
7690
9055
7635
1477
1940
2379
3510
9074
2242
662
8678
3928
5121
2963
2118
1353
2385
92
4755
3586
4794
8834
6177
4708
4555
8876
9717
9906
2163
353
7536
8032
1899
3954
9592
6532
5342
6160
4478
1203
8921
4523
478
5778
6026
1750
578
2526
2213
4674
7600
6992
1338
4148
1715
7574
4383
637
8189
6893
9791
61
4721
8147
1516
7176
7073
5408
5409
8019
5490
2978
8101
4273
8161
1965
7801
4980
7702
3214
7832
2970
8755
8571
1511
2722
8212
6373
8489
4937
48
7100
8523
3426
492
3502
2711
3819
544
8904
4201
8826
3272
9261
8694
3443
3341
1524
1126
9395
5639
7195
6801
3862
6983
8773
8909
630
4805
1725
2666
9573
9723
5706
1255
338
5983
5038
8630
6814
1715
3405
7605
3637
2803
9614
5600
1197
750
9481
8945
7897
3354
8960
5914
1212
1433
6268
5753
8073
9763
1709
6514
8090
7415
7528
1747
902
7542
64
5851
7120
5342
5890
1554
5952
8766
8208
1227
8462
231
5816
5380
6845
1228
9503
6498
6589
6117
43
7641
5064
2036
9279
6002
9693
4841
1994
4543
4161
6018
9519
5652
9262
1064
2182
2878
8243
8688
6237
893
3730
890
955
6755
6092
3433
9471
9107
1866
4679
3261
7359
62
1023
7043
6870
8008
5378
2917
2937
3428
9142
6439
6117
6351
5529
5230
1359
4002
699
24
2328
7780
7459
2013
3563
1177
9862
9429
9095
831
3503
9222
353
8668
3815
4157
6494
3030
6455
4366
9711
2750
6318
5095
274
3611
2053
7347
4270
5538
1510
9701
8062
5415
5445
7810
4133
1597
2427
5925
1375
7473
998
9932
6089
3169
6167
9957
9455
9120
2139
6574
9035
7817
8917
8482
8348
995
3858
2066
6717
8733
9767
4511
4784
4993
4607
6202
378
714
6168
2907
7248
2802
3433
9403
5232
4373
8140
9485
7855
9305
322
4371
7452
4526
6399
6415
6985
1193
3093
1037
8831
7662
6186
9956
4673
2352
5766
164
9312
2347
3835
3589
940
6718
672
3755
1851
6447
4370
334
8880
5946
7876
8830
3272
5278
8290
9436
2855
5584
1311
9242
1150
7754
3981
3730
8329
7122
1841
4368
8058
4795
2286
1872
8637
5169
9030
3720
3749
4417
4770
2877
4167
9316
9332
475
6034
5796
8765
1356
4659
8557
8374
3235
2157
7621
6534
8221
874
5100
4258
428
2130
4643
9214
8533
1476
9658
167
2445
4555
5690
9220
1912
680
4054
4922
3109
1688
3803
9844
8609
2009
767
5479
5409
8727
2282
7349
9384
1933
2206
6594
9186
3648
4592
5379
3931
6412
9286
5217
3080
768
2548
716
5846
5158
4435
3020
953
4456
9459
4529
987
2922
9514
2134
4774
4247
5567
3439
5303
4878
6144
3901
1402
4503
9718
1085
3197
9777
4221
2457
1819
5932
7265
6778
4439
1358
6520
1231
8050
5929
9356
574
4789
9359
6805
1452
2786
6198
8319
2672
5832
2873
6628
2043
1232
2284
8310
4423
6723
8527
1618
3831
1633
8533
3814
6921
339
7409
4522
4030
8403
7452
6250
6827
7871
8533
6536
4477
2333
453
6622
9825
3345
2540
3116
2465
8406
4899
5868
5964
2151
779
5348
9031
6727
7409
7481
2967
444
8409
8441
5302
3546
9427
9245
2703
8583
7973
2927
4957
4433
1322
9512
5441
8560
8067
962
6405
1445
1846
8498
5535
9674
7144
5013
9505
9765
1888
6982
6390
6754
3601
6942
5806
2679
1341
8854
7698
1200
1062
5647
9704
1262
7186
1265
8313
6159
3500
871
463
7073
305
4200
4577
9652
4953
1004
3380
865
8287
3271
9997
1828
3592
9463
4591
9971
5272
57
7602
8194
7167
7141
9199
6269
1548
2665
9443
3365
8976
5700
487
7347
96
4298
4406
580
8536
1613
2179
3988
6289
7686
4887
1596
8012
1670
7215
1819
8733
8579
1817
9381
7672
2272
8421
135
7816
3815
936
5945
6376
8506
5251
243
9827
7350
2733
1610
9688
639
1148
2521
6055
1166
3186
7059
1696
2853
2030
4968
99
3678
7301
2329
5003
2954
6512
7415
628
396
6625
2847
9524
7313
6493
4474
9475
1518
8098
6066
934
2174
3657
9695
8203
5903
603
2783
1185
3039
8007
2733
5841
6156
4530
5266
2137
2607
2772
9722
3056
4984
8615
4883
9698
8220
2414
4146
117
1778
7540
3649
2291
6991
7217
6787
2105
1421
826
8395
5998
4409
9201
7211
9612
9502
4299
8953
889
1018
7982
4661
8593
3050
5744
6193
9132
4155
6550
464
7855
9865
2850
4890
5438
7667
9167
4017
3746
5393
4144
8963
4657
1009
5519
8130
6881
3742
3396
6255
7234
3363
7654
301
2689
4852
2041
3728
4024
8163
6416
2332
321
7694
7763
1206
8054
3176
1642
4874
1110
5537
9676
2460
8708
2625
7826
5031
5303
1566
9436
3437
1668
8320
2631
2435
7964
9263
9329
6531
9673
9
2074
3650
4182
6807
9697
3978
9197
6551
7473
5419
5819
7011
317
9832
7487
6425
3204
4885
6201
7098
7487
8355
1192
4546
2135
8364
1827
2547
5252
7300
8125
2926
5213
4251
2049
5156
3130
2319
3936
1724
3838
9517
7237
7496
9380
3997
6745
3030
3221
8558
1796
3620
9837
6203
9968
9816
1933
4165
2019
9688
1533
4766
7401
7843
5583
8610
829
2697
520
2991
9377
3561
4276
1657
6797
2768
8332
9112
9354
2345
44
2312
5175
5317
8078
6489
3904
183
5879
9554
105
2884
1016
8678
5945
4325
6507
4750
9138
1386
6606
4101
6731
9274
4445
6298
2004
8550
1021
9671
8913
2233
9427
9161
218
1744
8825
5588
1544
1721
653
6709
3069
2805
5471
2031
2811
8025
8357
5640
3995
3011
8601
8111
8494
2695
8645
3262
3125
1798
129
7251
7708
6053
6633
135
368
6037
6863
7422
1900
7751
7739
1197
1570
4229
1762
7117
47
9657
4979
1607
3096
8966
7586
2421
2542
5752
5883
5733
1504
3159
9303
9916
3164
564
4732
1766
8186
7093
929
7113
969
7090
6906
2533
4487
190
1860
9623
608
2962
8945
7615
6495
3549
3885
6213
2342
4336
1105
9643
5909
7626
4708
687
4996
7324
9493
6319
9817
4232
7132
6441
4962
2172
3013
1600
1606
3570
8002
4662
9461
1878
9226
8865
5709
4815
5355
1052
5263
1862
1976
6200
4243
8707
140
4898
4438
1201
5577
9236
3063
6721
9715
7803
3050
4511
153
3905
2377
4059
65
3896
47
2541
1697
3842
3378
3577
4747
4717
6088
6987
6471
6279
7670
4638
8387
2138
71
4736
5589
3537
7474
817
6633
9645
2430
6975
8585
2021
6991
3430
4511
4730
1302
2217
9299
845
1214
6601
6239
4513
7262
4490
3073
2640
9610
9041
9366
6190
2970
7735
4960
6710
5282
2160
8155
2419
7148
605
6620
6089
1956
576
7497
173
3794
1006
46
5449
9601
1697
4430
3195
8754
3529
7261
912
1823
8621
4219
2256
7959
8438
4463
1341
6400
289
3873
4299
2860
9171
4475
9130
7455
5521
1429
9066
4492
4664
856
765
7213
3277
5762
7026
8720
2291
3422
2265
5613
7233
2144
2821
7315
1998
5236
7404
8780
1269
9977
7902
2037
3793
6659
5576
6962
499
708
21
2587
7655
2103
1008
9988
4706
3965
2603
2058
6125
6719
1932
1609
6054
624
4258
1328
1381
6630
5641
6888
6009
8506
8728
1064
8858
4261
8996
1809
1662
3167
4936
3241
1947
159
1564
9607
3862
7161
2423
7908
4186
292
4
2888
4356
2456
3589
1356
6625
7249
2839
5802
3362
2281
102
2403
2910
6247
8541
5627
6108
5858
148
85
1826
9929
7938
3746
2810
1558
564
6085
8306
7737
7369
5695
3012
1559
753
6313
351
9360
8608
2570
6588
8728
6400
3767
424
5795
785
578
7442
2301
5721
6844
1448
8219
4330
1456
1103
6273
8939
9965
4924
955
3989
4713
8466
6196
5238
5972
5979
9890
6088
3787
7926
9290
8210
1760
9711
6133
9131
3154
2880
2958
7104
317
8198
271
9090
9829
3251
1732
2117
9739
6922
1509
4689
1154
1855
3988
4960
853
2688
2960
2984
1171
3436
7193
5217
2944
1257
3171
7853
6174
6171
3729
1778
4604
3486
5393
4338
6231
1370
2612
6759
8176
4615
6410
9412
3254
5823
9377
44
5330
1000
7308
319
2177
6212
6859
13
6753
8099
6471
123
6282
5945
4150
9267
9369
6051
4430
4275
9395
5984
430
5677
6458
6962
6676
3255
8901
1497
6138
7101
6801
8697
8139
586
6344
4340
5950
9375
1336
26
1008
2859
2599
5926
7928
4111
2460
3785
7119
8612
4409
4537
6190
6218
3534
9644
8736
7786
1993
6981
5150
7556
9631
7576
9966
48
1233
5114
148
1644
9705
7987
5078
5602
4734
2042
4957
9421
7014
1452
6578
2003
808
4714
7641
6797
8779
8196
2810
6285
2021
8395
4606
1957
2561
3732
3897
4648
999
1046
1542
5636
5358
6498
1466
681
6257
5547
7190
1169
3259
872
6618
4654
2710
8730
5366
1455
4551
9768
9206
3955
618
8830
3886
4993
7016
5149
3378
7019
2488
366
7686
1800
6641
3739
7904
7973
957
6829
5591
6551
2159
1109
232
6481
6828
1648
2572
9994
6521
1669
9000
1183
7751
8686
6288
5115
986
5552
1353
7567
9053
5773
2683
3244
5597
2407
9146
7044
158
4254
7052
4614
2298
5875
8739
3712
542
7094
9163
5814
7829
691
9566
3999
3406
9575
744
288
3646
6972
8662
4295
6356
327
8940
160
7131
9160
6399
3056
2418
6927
5466
5741
9553
6749
5552
2233
1148
6263
8755
873
3253
8670
2353
578
5841
721
9863
3104
5447
443
4680
7122
3921
7928
4001
3450
8806
9688
2079
8018
5195
7653
6058
5491
7893
5962
2143
503
1802
2619
1413
3714
3696
1348
8463
1317
450
7459
3679
2548
5087
4788
1514
7793
7120
6820
2962
7779
8805
7981
8940
8382
4486
7227
7642
8308
2338
8056
4032
4556
3844
6096
9927
56
469
656
2855
9052
1661
3631
7803
8743
3276
9455
7284
5121
2035
8096
865
4708
6557
4147
5895
3391
5256
7732
8954
9653
9793
4109
7911
791
3104
1063
1684
6456
8704
3725
2908
1586
5941
1568
4420
1091
1841
527
4816
9467
6261
9080
7643
3242
6199
1636
6196
5893
5374
1929
1398
7176
2484
2132
5610
2744
78
348
1646
6487
4224
744
1359
4963
7935
5132
9123
4320
311
2087
5073
7388
3010
1620
6657
5908
2330
1479
7574
6020
7903
4766
8483
4204
1208
3110
2835
2892
2399
5206
1268
2703
3361
7135
7217
5516
5104
231
2024
5530
1949
14
2375
1387
6993
4480
687
3322
7082
9297
5342
4567
473
8517
7853
1603
4308
4045
3845
7228
3004
6749
4827
5981
6215
8663
4621
1902
137
797
2912
4614
278
5294
4561
3067
2456
4625
1418
926
5091
1360
7356
9461
2425
5072
8932
8077
5654
4561
4192
8972
5129
4408
5656
262
4093
902
217
3831
4283
4245
82
4227
1703
3946
2275
5531
4366
5269
5318
5895
4218
1475
9180
8239
458
8322
1604
2227
6001
8525
9367
5748
7534
9173
3255
5327
7448
2551
4427
3391
1447
3452
582
8392
9063
1534
7488
6909
5219
3176
167
9333
8357
2714
3792
5991
909
381
1128
8859
6745
9888
5412
2990
3368
912
3553
654
8794
7149
9470
6298
8596
8976
1806
4937
5128
7301
1230
4927
1923
4734
5486
7172
7442
4280
3997
274
9762
7903
5098
6295
7216
5465
3650
8213
8669
2294
87
842
4028
5486
1096
496
949
5978
4198
6124
8207
3810
2830
8062
6183
3166
8072
908
9807
6153
6544
5738
3951
6022
2395
4293
7437
4955
8657
318
1363
5446
5631
413
1594
2951
8348
1611
2272
2683
471
8003
7025
5848
5703
7727
225
6916
521
415
6856
4051
8049
4347
2205
2784
7911
687
4224
3100
6325
3112
5367
3242
3091
2628
3221
3544
4184
5854
9374
8768
8401
3326
7529
7013
6790
5903
3366
151
9231
1558
2350
1111
8710
6627
479
6772
812
2440
6539
3922
3382
2511
9632
435
2219
3825
5508
1707
2765
4960
5998
4436
8918
3708
560
3427
4540
2807
3897
840
4179
6656
1528
9558
8399
6679
339
2810
3828
9024
8065
2914
2758
2259
4675
9222
6046
9333
8035
6900
6137
6724
7686
2510
953
7825
9179
4518
9151
989
9946
4757
6283
3377
7669
9492
7035
8373
8348
3473
1909
7295
1072
321
2971
3666
2380
2699
7972
8201
5122
7529
5287
1955
5649
2260
7731
9920
9279
6207
6865
3622
731
3024
8904
412
1536
1361
613
3843
510
248
3826
8104
4711
1912
7651
9448
4463
814
3614
6364
4432
4700
6660
476
2585
4980
9075
908
553
2086
1143
8048
2536
696
601
5389
2083
3296
3560
7714
6906
2719
2314
3422
8086
4128
2766
6811
4404
1464
3576
1194
3001
4866
8509
1003
5170
3524
4884
7543
7076
1830
2374
1993
1909
7805
9511
1060
2140
7440
5597
9843
9219
1323
2899
2132
9116
9684
6758
1688
8285
4416
6117
916
3198
3580
2872
385
712
2490
52
8549
6891
8381
5836
9538
2355
6216
6820
2476
9297
5157
8276
6782
4062
4700
4073
6687
638
6024
3168
1441
5378
5762
8237
3231
955
9690
9962
3498
5468
2970
6724
4334
2623
7
5441
6698
6491
1839
9338
3264
1147
2506
4435
6397
8956
2867
7244
180
5378
5971
6011
7890
4920
442
5794
2635
1709
9745
1128
9627
6870
2737
1392
6690
6283
3399
1940
2875
2475
4974
8103
5602
4478
3753
2078
4964
4645
656
1779
1489
9076
4882
2327
7421
6178
5451
9852
1191
5351
3856
5805
2063
5160
4906
9520
5900
5862
8686
1199
7087
495
8890
4884
4506
2152
9827
7638
3021
3136
5350
2827
2405
9680
3671
4360
9975
3913
808
7102
4484
8004
1591
2211
2934
6577
267
1035
2996
7437
3945
6971
1283
2659
5579
2611
6672
6849
9633
8648
3358
2180
3656
3664
8603
8681
1676
3684
893
5700
1406
7553
1789
8610
3847
3212
9139
4530
9367
6883
7293
3577
7901
4993
9016
3546
8410
8355
9554
5544
440
4122
3915
523
65
9222
4707
4572
8277
4991
8796
3615
8251
6278
7222
3734
1866
7978
2273
1629
3064
6364
9727
8976
6
9915
1650
9286
5565
1117
5968
3575
4047
5336
1920
2002
3249
9282
4437
1397
3727
7595
6405
5172
1518
3788
5540
4769
7570
8132
1964
7367
5298
3079
6464
5046
3371
5663
6789
9597
7636
1247
2616
9039
8145
5202
5533
9475
3427
8588
5115
5148
1355
3674
2980
7864
6812
4497
9107
7691
2793
3707
8548
5070
6586
8070
4974
3291
7300
7036
9660
2863
3061
9957
3383
3582
764
7291
1842
5126
770
1184
9302
2025
3036
5335
6504
9761
4238
4596
1676
8584
7523
8829
909
878
9576
4518
1533
949
3533
7748
1119
3269
6638
8124
164
2450
7587
3578
514
9727
8265
6190
1710
6072
5486
8979
3608
6017
8351
8689
2182
4395
6067
3092
6458
1586
7570
558
5189
4915
6275
6522
3296
2686
9095
7506
7826
3742
4877
8528
6658
8678
1969
3857
3909
7618
5671
3515
6351
8005
2716
5201
810
4320
2882
6769
9332
2679
3662
700
4285
3211
8352
2090
4713
8157
1799
5015
2992
4956
8799
7956
3252
6838
7855
8380
9656
8817
593
763
7554
3982
3510
9025
5249
5630
5532
2699
7467
981
893
262
9136
6235
3819
6215
6386
827
3078
5692
9259
6331
4305
7996
6676
3994
2892
728
9535
6848
9182
1297
4815
7825
3803
6526
3038
778
4906
3695
9814
4898
3845
240
4794
9363
9222
3315
3487
5218
835
2473
8552
6749
8838
4003
3165
680
3862
5601
8235
2149
429
8436
8095
700
8434
7109
2469
8182
6005
6243
5952
2644
1195
4451
4589
4569
4941
6050
5580
8579
1843
9995
2687
8389
8410
7112
7914
3324
452
2583
9307
854
3606
1271
9593
3957
1912
6492
4971
1345
664
7735
4771
5603
2122
9745
9484
2989
636
4457
5710
714
8460
6248
5853
1453
6606
909
4119
3411
1934
5893
8931
8545
1389
1454
2400
8286
9263
6693
90
6357
5182
6024
5758
3168
9957
4347
3559
9216
2401
812
3185
9397
5109
9147
477
2159
7556
9676
9698
4826
7311
671
3385
7072
3080
6704
9429
3754
6902
5412
1151
1473
8332
2429
2799
8482
586
3719
6289
7800
9140
5171
8416
3383
2670
6386
9766
2666
8438
7743
539
2641
6780
6122
9138
5562
6608
8630
3363
7132
4942
7867
5349
1578
6444
1454
9874
6242
7235
1992
2807
9263
8208
935
3198
3914
5238
3009
9548
6954
8633
7950
5437
2597
9578
8490
6235
7750
7776
498
7747
2265
3683
7202
4587
7644
1931
6417
9019
5552
2268
6147
7748
4795
6106
2706
1828
9233
3083
9909
3964
7116
47
6035
6631
6643
9043
3565
5898
2510
9368
6294
3056
2088
9985
5795
6177
6877
2074
5195
473
3496
7259
1520
3266
9780
3851
4899
6179
2522
3148
2536
1755
1978
374
4044
6515
8498
856
685
963
7194
6922
2652
9176
1731
5523
4731
3247
6596
1535
360
8814
5242
1101
6974
1904
4136
2715
6937
6052
2363
2524
6935
6461
1408
4218
4378
7965
4629
3079
9074
7888
8034
4803
6990
1143
3216
8066
347
7008
6204
284
8753
9919
1363
6781
3112
3254
9837
1473
591
2184
7127
6622
539
7578
3682
2939
8500
1397
9405
5418
5299
9591
6362
2010
3233
356
5219
8278
9521
2114
692
1191
6559
4584
3258
9200
1690
4095
8527
5585
1570
6446
7158
7047
4708
9044
13
103
6763
5833
7418
3392
8987
9079
3419
6192
7334
3936
5809
8061
6697
8553
3969
5752
4752
5721
1670
9000
853
9763
3883
6137
4952
6306
8197
8832
6640
247
3383
5972
835
324
3953
5489
7593
3198
5195
6120
1692
8128
6899
3987
6492
5513
9910
8916
250
1284
1385
8335
6346
6382
7915
8701
6798
4230
3980
7468
5914
4658
6202
9622
9827
4583
791
927
4448
3405
9118
7090
1163
4560
4585
4960
7930
9583
7118
5900
4538
3604
219
8785
8231
6603
312
3556
383
8594
1822
4126
2126
1931
4894
6281
6773
109
3736
2324
8362
506
3700
3153
3370
2172
1200
8123
2363
2902
1390
4950
6099
6671
9634
784
8674
3654
8879
4992
8482
3997
4297
5937
4028
7308
1787
7998
2845
3305
7414
2773
7044
2305
7838
41
4836
9621
6638
3287
7992
1409
166
228
6595
3714
5463
8761
471
9165
4214
7940
1714
4042
6222
1220
7345
4690
518
8217
2729
960
3570
290
8091
6242
83
3135
8179
5719
5777
8660
536
7358
4357
3560
4031
7841
8322
2156
4500
153
2313
7876
9165
7422
1915
3479
2899
1653
3565
7566
3476
8678
1189
5786
9458
6102
5595
2307
4182
7923
7206
5242
6061
5574
2177
1025
4121
2002
5294
9585
650
6740
4493
1775
7134
627
1799
6322
5144
7161
7388
8593
7290
9470
1618
9749
6162
8137
2208
3990
6924
4171
7806
8942
5457
8476
3087
5382
6689
4074
2406
7351
7789
2373
7553
4875
7807
964
1903
5789
5754
1046
5268
3083
3468
2635
7642
6711
4944
7709
7202
258
3657
7954
9604
9464
1664
6113
2561
5830
8251
2961
19
5948
1040
6177
5364
6765
89
9033
8186
2926
1272
4146
8456
7526
8936
6982
7252
5199
5582
2363
1869
167
1554
7721
3675
2995
3483
6955
229
3538
7179
4785
1095
5222
6101
8342
9933
7626
3470
3253
4552
4682
6389
5166
3638
9220
9031
2021
5410
2706
8886
9823
9990
327
9010
3353
4689
3342
3164
8860
5730
6886
8242
3476
4359
5549
9907
8158
8283
592
1105
2428
5664
9598
9262
4174
4768
2387
794
5258
8877
3791
4359
729
709
1930
5392
416
9750
6092
6734
685
5833
9461
4743
6946
4600
7556
814
580
921
6226
2300
3704
141
9999
7275
3008
576
5138
6143
8696
6587
2279
5559
3011
1606
4517
4152
8532
1654
322
2267
5247
6997
6101
2850
2758
9972
302
9384
6304
5204
6709
1837
377
529
6618
6939
9449
4598
8687
9282
9536
547
3796
5581
2819
9801
3741
8153
8357
1884
1057
6952
8865
7650
9241
7013
1920
390
618
244
3755
6132
6455
6317
4221
2775
3998
4084
2781
6279
7025
8010
9802
1890
1808
3262
6198
7634
6328
6283
9797
631
1772
4558
6635
144
9813
6866
2345
7197
7650
1540
6152
1201
7816
8831
6741
4692
5952
5677
5064
1983
6839
9755
4189
9444
2797
2555
5250
4552
9969
4036
8283
6707
2095
931
9068
2375
5817
5664
4619
9287
7834
8080
488
1455
2865
5588
3366
9345
341
6502
884
3316
9578
3539
4549
7919
3168
323
5987
6116
7491
2133
2877
7134
4941
5041
7478
5146
6350
4527
6280
9789
1366
3059
7955
3860
1738
6193
6157
2452
868
3897
82
5872
6439
7952
9232
7091
5674
1298
8989
4003
5405
7179
517
236
6363
2447
2545
9561
8202
669
624
62
7864
9873
1074
1500
4453
6968
1628
8674
7465
3979
9317
9275
1552
986
1109
5989
8381
4838
3516
4486
5933
6493
7161
5643
4829
369
6508
7502
2008
3120
6904
4338
8143
9296
7126
1552
3914
225
7312
7273
910
3617
6980
1688
9806
3146
696
1729
5
6353
6086
2726
7461
2139
5068
5909
8835
5904
1099
7811
1168
2840
78
4694
1770
964
7904
3864
9614
276
6847
3667
3110
5299
9174
8959
5572
2200
3897
9761
4809
9389
3744
2972
5567
7189
5582
7409
2768
4979
7266
7277
5913
6689
1143
1651
6404
2890
412
4203
4684
2317
4361
5297
134
6767
7070
1756
9582
7629
5613
8748
4806
342
4720
9578
82
6657
229
9324
3305
3816
7027
8848
2113
543
6462
8456
5314
8697
8335
3219
1579
1025
4478
9285
6562
1473
9338
2562
810
9673
3746
6470
3452
6612
1832
6195
5310
4383
1658
4615
3143
7335
9886
7108
2895
1972
4565
7836
2435
6098
597
690
1906
6029
1943
6277
898
7791
5929
1236
3789
1646
2860
4662
7356
5360
9489
2249
1496
5387
13
8034
4306
2330
2771
8416
383
8168
6889
3677
5606
1022
8213
6868
6104
1034
9900
2595
3916
5880
8679
4773
1391
5483
7340
3552
3824
7405
5650
1901
4317
1967
7202
1900
3145
1185
632
95
6637
18
4053
9557
8267
1799
1362
1404
7308
6521
5316
2548
2565
8085
4584
2041
5470
9421
6605
6976
6719
2050
7007
8557
2404
5284
2998
1625
7164
6921
6307
8880
619
7218
3113
7715
2002
6517
976
8133
5256
427
1934
4307
5479
5841
8027
1210
6302
9825
4843
5700
6635
4963
2879
9799
2683
6431
3258
3003
2078
37
1326
6455
3425
7771
3901
7496
1773
5156
7404
6569
3215
912
5543
3450
9587
2959
5391
5511
1985
2926
8755
1259
1641
2144
5925
1326
9332
6912
3406
2839
2378
390
2020
8800
5712
4047
7102
6818
5153
9550
163
3832
4175
4031
4673
4423
3869
9491
7982
8680
610
6716
1826
3823
7910
6069
8526
5475
9850
1461
7871
9820
6008
1037
9038
6040
1626
7320
5796
319
6419
1757
6029
9219
1392
5333
379
717
2484
4253
5479
30
7296
595
4191
6248
5555
6157
3690
6681
5812
3317
6321
8805
4333
8545
8010
241
67
6330
6698
5567
3231
3019
9372
4333
8260
9685
7091
22
4549
3038
5950
755
6639
3076
9441
2779
6872
1724
8788
6765
9549
9657
6417
3069
6543
9823
40
224
3241
7733
9746
3726
2
9754
4114
2197
6389
6578
3355
8670
7330
1191
1429
9360
4171
559
476
3635
5577
9869
928
3508
2047
9259
5145
857
4055
4082
7059
5339
7460
59
8380
9771
683
8608
2280
2647
8951
8671
582
8020
1037
2447
1806
8696
3154
2455
1504
9519
6641
4343
2202
8173
6000
8646
255
1464
5589
6581
5028
9142
7166
1289
9281
3999
3751
3937
9731
6920
6398
5035
3102
7354
6470
3653
8474
1021
219
5444
877
7417
5387
8213
4713
2205
5806
473
7333
372
5973
6738
4144
1487
7535
3942
1797
4034
6495
2831
7226
2076
6088
2529
5772
782
395
8555
6582
6937
2368
6678
7679
146
4745
4954
7067
4193
3019
7672
3682
7247
8582
2042
880
5749
9379
9931
4818
6768
2695
8080
5297
8716
3450
5722
5240
7281
2304
1311
115
5291
997
5641
1068
8522
1061
2384
2456
9166
826
6812
2823
2668
3078
2164
7220
5296
9936
4817
9254
434
3409
763
6332
208
6422
1508
1276
2920
6019
9064
7264
9628
8172
2139
3876
2136
2919
7574
1408
3005
2061
7554
1255
3349
9800
4297
1824
5234
5824
6959
7382
8094
8476
4308
2503
5038
6666
1525
6529
9670
2220
6357
6492
6159
4087
2076
9214
3567
190
5062
8957
9116
4807
7928
5199
7909
4708
1876
7195
860
2067
4202
4303
9497
3269
4830
5976
6128
7186
9525
35
8565
4814
2465
4436
897
8022
7314
1789
6958
2217
9509
5589
9406
3632
2408
2262
1529
7581
581
6086
9842
1776
6091
6022
8776
9289
1304
7895
6832
3451
9389
4515
9398
1351
1650
1101
6000
7125
1967
3236
9284
9369
4231
7201
2656
1443
2368
6141
4677
9641
4561
12
5188
6129
4537
1895
9501
3804
1868
4516
9711
1484
4250
8254
3083
5741
5530
8153
1827
241
2554
9699
2221
9383
9
1737
7712
7725
2229
7340
7726
9841
6439
4095
7738
3654
8194
3546
590
2093
8088
9229
1560
1240
145
7721
4665
3493
1669
173
2761
612
4776
231
6974
1535
4217
2429
3985
5178
7709
3650
2452
2628
3058
7876
2785
9598
1322
1255
9828
3388
5506
7337
8979
1352
6094
5020
8395
9643
9271
8381
9414
8498
5681
8099
4124
8867
2397
2981
1544
5428
7965
2169
8760
5355
310
2342
1341
5483
4770
6080
7124
560
2523
9613
3822
9923
9932
4852
9101
6322
407
4619
9932
3829
3973
7923
6888
8205
8577
7542
3841
9260
5128
6410
4009
4765
1628
780
9466
1012
8091
9583
4709
9967
1365
9748
9134
9218
1218
5317
5017
2621
379
6632
3690
8597
7
5119
3650
3467
9116
6551
9014
6717
2046
8743
9009
2194
1133
7276
1524
6589
7900
7544
5827
9254
2612
6657
9602
7356
8980
225
1818
1509
5353
1879
3850
7527
2099
2524
4616
6992
4199
4360
4069
9058
3650
2547
9666
962
3400
3370
8206
9263
4094
4800
1631
150
7721
6185
2844
8106
2742
4422
5143
7500
3199
998
2865
8072
4110
9502
3532
2019
3710
513
5265
1858
9152
2391
5184
3331
2554
2524
2844
4253
8004
6193
861
7145
5722
2352
2779
8664
978
828
2261
8507
4182
7779
8105
1185
7037
2691
2166
4366
6057
1725
6645
9653
4553
7494
4962
7891
6006
9974
4760
3783
1911
4621
7084
5962
3183
5171
5079
1473
1400
2134
3143
8480
2814
114
238
6055
3879
6516
2194
3973
7405
4252
6522
4333
4517
6553
7588
3700
3498
7475
5033
8538
7858
6505
9564
802
1551
6184
9481
104
5532
4373
6779
2203
618
8008
7286
4302
2515
8010
6202
4472
8505
1482
4831
8410
379
9464
3188
9584
3266
4708
8405
3865
1452
1143
2860
2436
52
5852
6008
5975
6289
2406
2091
2652
1230
1130
4170
6213
5840
7282
5786
4914
3585
8783
8650
3294
3519
1957
8229
8270
4761
1317
3218
7415
8806
8048
5753
3783
2862
3337
5980
3591
3452
3169
3005
1070
4931
5243
4574
719
4663
8315
3596
5277
131
359
1968
5495
911
7538
2879
8243
3284
6714
1538
2995
9031
2633
6666
7664
4349
9974
196
9204
2684
7018
3656
4125
1794
1060
723
6975
6169
8642
904
443
9138
4623
9734
7657
8311
4041
4167
1236
9701
2785
5300
6836
9309
1720
7933
3708
3958
1918
4692
1225
4401
5979
8636
4084
4073
1402
6133
274
9805
5189
4598
3890
1309
3273
3473
9220
18
332
7383
7727
2467
5665
5722
8659
3204
8377
4101
3351
7943
1487
5923
3133
2868
3696
8773
7371
2021
9455
6532
8364
213
8228
3840
4135
266
2318
7029
365
9197
6375
5548
7102
8309
3855
3928
8829
2545
5189
8017
8193
9758
8994
3571
9101
5225
908
2973
2894
7282
1546
8392
5301
2506
9242
6352
58
403
8202
4337
7727
742
5301
9306
1737
8653
7643
7221
6468
3646
4711
2470
5711
4131
6185
7601
6333
4412
9732
3459
6652
8249
5993
5525
6948
9514
798
1225
3960
660
2678
1174
3319
6899
8805
3371
882
1372
981
5010
6314
2598
4186
9021
994
1962
8099
6734
7971
2652
9723
5769
4605
6265
3459
5573
9672
292
6010
9186
6587
941
1731
5433
7112
6010
9502
9955
8949
466
6734
9438
109
4806
3252
8896
2152
2618
9928
5021
3263
772
7243
9973
3546
4712
6559
9203
4140
3932
9467
3145
7693
1939
9673
5934
9649
8465
4718
8644
6364
9825
6444
7740
8939
8374
9185
5628
6212
4701
7163
5780
480
6402
7460
5518
9189
347
725
5052
3732
9793
4450
2309
9211
3819
7442
5594
8048
6487
1028
6321
5820
9105
9497
2658
7390
6361
5290
3720
6221
9451
7463
1300
3045
1564
5998
7689
1382
3596
4222
5796
2472
4644
5106
9096
2497
4283
193
7933
7602
3380
1835
1776
9618
7693
2922
7626
6855
9897
3593
5872
1195
7432
3372
310
1123
9141
6723
7675
111
2808
2739
4394
1205
8046
2437
231
7630
4288
8764
9415
2516
5837
288
4289
1368
8092
985
6936
9914
5947
3147
9417
9542
5008
9468
5350
5088
948
4184
913
505
2035
9282
8834
8507
7126
9025
9336
2752
7036
387
9897
7951
100
2328
7462
2647
9785
9620
6163
4901
6958
1383
6929
3168
9158
4783
7365
9501
2235
3955
4971
3564
1834
680
338
8457
492
3018
5933
2126
5148
7807
6919
744
2204
114
6570
5105
8144
1749
4783
8762
981
3350
1994
6302
352
1769
4504
8288
106
918
4527
3058
4779
4229
5730
1946
4655
8154
1596
1969
4381
732
2523
4383
6171
4204
6277
9910
5145
5187
3989
3265
6797
2398
446
6219
7668
3267
9798
9804
9532
8241
3911
4428
562
2027
9735
4903
245
6504
8538
1925
6807
8462
6116
3446
6598
9799
7979
6864
8758
5592
273
7054
8348
1087
4164
3361
4119
4773
3378
3163
6450
565
5883
3981
5519
5664
4934
6364
7721
5926
7505
4070
5005
6362
1589
4073
8488
7647
2261
7440
4305
2564
8710
2893
9200
9279
984
7004
4980
1318
2839
9856
3488
8685
9434
7015
6177
4335
1781
2728
9816
2886
6925
394
7393
1279
1757
121
1204
3367
6733
9618
3914
7972
2930
5138
1335
7168
2643
4131
1658
1545
809
8848
382
6462
7871
3375
8470
165
7671
6022
7786
2384
6393
5290
9052
8305
8868
6486
8754
3393
8425
4613
8187
4167
9516
9515
3784
7236
1329
6940
6250
6260
9768
8041
2957
4738
3687
8480
6248
5936
2198
4917
2104
2808
6613
1757
5611
6109
1094
80
8943
1325
8650
3886
6611
3550
8229
6523
987
1327
6534
9576
1942
3568
3693
15
8623
4807
6146
8704
5698
3760
4964
991
6948
6671
7478
6468
5573
225
5242
3949
6165
1862
7515
4515
8152
5546
3963
374
322
179
4040
3202
6676
2553
7841
4709
3990
178
8888
8752
4986
3580
7346
6406
1902
4486
9698
9120
5462
4866
6250
2266
204
1663
5896
2228
4099
2698
603
5101
9664
4731
5374
9967
3569
728
7474
2738
8364
7527
8556
9039
7494
6299
8443
3476
5972
3812
124
4938
3356
321
4393
2877
3195
8922
2694
3262
580
8354
3477
2844
522
5976
6343
7912
3356
2477
2729
9661
5574
9792
1847
7270
3492
8090
1347
4055
241
8432
8854
923
8859
5399
4778
2291
9645
6164
2227
1522
7065
6171
8238
795
9582
3661
6479
3051
4741
797
4229
6655
2496
2913
3976
6299
2041
2676
8223
3797
8204
4638
5312
7349
2397
7672
5683
9451
6784
855
7322
1423
9090
9718
5986
732
129
3734
1654
4243
8013
543
976
8157
3984
7621
2542
2666
2914
4039
1302
2252
7568
4328
1564
9567
9987
8732
2945
1306
3839
2896
390
3710
7569
2527
2533
2021
7189
6776
1259
5440
4128
1884
6737
6488
5871
5737
7667
8796
7886
2668
196
1036
5548
3303
4669
3805
6094
3077
8044
9894
1371
240
7506
2986
3537
1964
9899
800
8220
7185
1041
5513
4361
9355
2472
425
1533
9478
2336
9814
3815
991
1240
9855
5216
8430
5407
7197
2995
5873
9426
1586
847
6645
812
8858
1942
3355
3268
5372
6518
871
9995
289
4690
1413
6042
6618
6129
8426
2276
2460
1332
2203
4264
8554
5076
8384
4007
2280
6789
2188
8135
8377
7300
9514
3972
1176
3376
9582
9013
4102
3716
1978
1461
7101
2935
6482
4751
3196
4102
5403
7316
3559
2613
3491
9308
3991
2409
2113
9079
145
248
7674
5960
1556
6483
4544
9270
1873
2359
1088
1465
7832
4205
3247
178
409
1577
7519
6780
4856
4595
8820
7141
8027
8732
2522
8052
7384
1999
5921
9740
8808
7894
3821
8892
1069
9048
9261
1403
5476
8497
173
4394
2386
8027
8597
5999
1483
9396
4636
890
5360
6731
5754
9968
8790
5296
5592
8684
8411
1500
7942
9443
8856
9360
883
1968
3037
2145
2669
2866
3252
2506
709
4349
291
3090
1385
8039
737
8752
1245
3703
6725
1163
6882
6363
1967
9313
6760
1761
2253
6052
583
9956
5006
3520
1126
820
5759
2709
9207
3084
4487
928
3090
3663
801
9826
3902
6165
695
4285
8497
588
7404
2321
122
6275
1340
9280
8582
6140
1039
5582
8830
2088
8451
1479
8770
8224
3713
2431
2773
3302
5859
9868
9164
2509
5498
9251
384
7610
6190
4265
9115
5359
8751
6607
9761
4456
425
2579
9783
2557
9964
7518
2792
9028
4876
1633
20
8191
2388
1025
6757
2536
6028
2640
5952
252
9077
7188
3082
4838
3100
4639
3845
7616
6838
4966
3521
6724
7561
6217
8908
5288
495
8327
5154
647
1922
7411
7022
7350
7559
9525
9007
3874
2734
9411
5135
6911
9634
6016
9677
6887
232
1335
7461
6919
6902
3222
7742
5062
4740
5135
5122
9469
9174
8252
2763
7848
241
7405
7082
8710
773
5147
9388
3509
2198
9161
9810
3644
5544
7207
3090
9038
482
3296
9645
6394
8070
3635
8795
6248
3476
898
1200
7641
7412
6200
8862
1087
7542
1395
6339
6891
1924
8011
6114
4562
7235
7503
1609
6575
1688
1604
4274
4307
8596
3310
2834
8136
4303
4862
6879
1637
6797
6594
4522
244
280
8392
8315
5547
418
8913
3867
6301
3763
932
4527
6456
1324
3166
1857
3162
2010
978
9260
2787
5383
1507
7488
6396
6119
1778
6703
4595
4049
943
909
1210
4116
8655
2703
7985
7138
9184
9482
3293
9563
4516
604
1501
946
1281
5874
387
366
3924
2072
5802
2336
792
9274
8954
3331
262
7436
8581
3904
7602
7212
9642
2429
1834
8060
952
2077
1877
4348
7568
1530
5241
8761
6663
1683
4732
8207
3149
1455
5343
6586
9686
5877
6069
6319
4946
4582
218
5771
4876
8726
6281
3280
6475
8013
5949
9139
3430
982
2950
3390
8953
9804
9482
6744
8522
9254
1905
4503
6417
6897
3253
2682
5166
9301
3399
5299
4039
7773
5123
6299
9988
2611
5939
2611
4045
7742
7384
814
5951
500
3764
1923
9183
6730
2654
6821
3894
1951
2219
3672
1896
3315
6057
3961
2051
1117
9728
2501
603
4068
6703
757
6315
129
1505
9619
1305
3409
6750
4209
9210
6200
5002
3201
8837
6346
1799
6065
1824
6562
6103
1494
416
9023
6243
2318
5501
5530
4491
3231
2675
7707
635
8150
7950
2551
7740
1655
7515
8453
3043
8212
8347
7421
2577
9626
7200
8746
2861
7453
903
3847
4667
6143
8789
5389
2422
6790
2819
9502
1289
5127
3876
7446
9562
7722
3514
7305
5730
9158
1269
6547
564
6760
571
3246
9244
9769
5279
244
3703
9301
1908
8424
9636
9222
2794
45
9601
6882
4103
9728
6363
8092
183
6013
2812
491
5739
5665
6680
6139
3774
5014
1227
9708
3908
7434
4378
5477
6289
7914
6765
8885
3084
3975
2427
1408
7252
1665
1448
153
5058
3324
2672
6958
2606
4559
7534
6265
8446
9725
2478
7435
46
7815
8218
7702
1992
7765
8589
7221
1083
9877
7317
3991
2094
6281
8607
2797
696
9435
880
5664
2025
7702
3086
2381
8238
3714
4620
2903
9710
4909
6740
8587
735
7519
2043
973
4699
3016
1707
577
1306
3442
8083
2537
4957
8859
3227
6323
5993
7225
7868
7779
6952
6203
4207
7989
4367
2580
7487
2762
7496
960
9255
5776
3714
2242
7882
3122
9938
3615
761
113
3450
9944
1561
8330
7509
7711
8064
1093
3418
3759
7109
733
5230
6450
2756
924
2575
4988
3503
6948
8537
220
8249
8361
7924
2186
5714
4858
9586
6819
9846
6127
941
2764
612
9450
5141
3381
6012
673
3398
8509
5753
8785
1502
7757
5551
6870
5129
1984
1817
4537
4765
131
8173
914
1514
1982
2754
2241
6889
5760
8622
8039
9755
6319
2815
5901
6449
921
4494
4325
9641
1275
6569
7557
6947
9865
1646
712
2311
3518
2930
2666
6348
5857
8646
7674
6966
5732
1835
5741
887
8484
8642
4419
294
4716
851
442
1696
1058
9755
3956
8584
3269
4344
1798
166
9221
5064
1070
9558
6505
7701
5781
6939
9552
6306
2809
9470
7947
1466
3654
7827
2846
1164
5061
5996
7967
1043
457
1222
9865
8437
3057
6048
7078
216
1368
2333
3148
864
6889
8386
770
8385
3609
8304
8812
4520
7040
5339
4280
6649
7518
4014
392
6223
1152
7089
1205
9412
3811
1174
5782
2912
4078
803
8205
2226
5371
5693
537
6733
3768
3204
1034
8761
3776
5435
4687
1253
695
3302
3353
6198
7222
9235
4673
4960
2292
8851
6182
2035
4152
9414
2068
6649
483
695
9563
7271
3044
9685
3048
6907
2823
3767
5439
4279
5398
9949
4804
9569
6998
8474
8810
8932
8300
4082
2948
2118
6454
3497
8572
4338
3592
8179
8094
352
2136
4119
6668
2153
9106
1883
1389
3060
1175
3958
9222
7046
1643
7680
6723
8992
7318
3651
388
3185
7918
7006
8552
3774
9674
39
6335
4789
8066
7819
44
5244
9795
1035
1991
6548
6315
6188
7921
3283
9979
6016
8007
4427
5897
1786
9128
1018
7600
4474
9330
8884
9103
7142
9925
5094
6729
8365
612
5476
4347
2186
1702
7864
5616
1013
9189
6300
7125
7366
8199
5275
401
7745
3109
6068
1722
4240
7958
2557
9889
511
231
6479
4583
493
8771
9581
6080
3787
8610
2299
2595
6490
6454
3113
3876
388
582
3459
9215
9973
4977
6166
2354
8194
6293
9844
5088
545
4992
5854
3832
1645
8844
5596
6979
7164
7822
3261
6503
3500
7797
7272
5339
6982
9284
8090
9857
5740
1235
3348
3545
2381
5500
2
288
2257
433
7385
2377
1513
9693
6054
9380
3598
2251
455
1005
8212
8389
1030
2513
9195
9704
1567
6033
1730
5498
2619
4407
2598
4243
8668
1136
7162
281
3840
8504
879
9535
4272
3189
9722
3798
805
692
712
2024
348
215
5079
5813
9814
8212
6633
7685
3891
5930
2561
3115
9725
961
9683
8612
60
9689
37
3879
5383
5476
5524
9402
9802
412
3366
301
8953
7822
4039
1630
8039
2036
2873
5897
2230
5967
3106
3793
9005
4986
8174
9896
8818
8272
2365
7997
3141
3046
7891
4692
1049
4860
6434
9406
5250
6436
4378
3557
9474
9732
7364
7083
6549
4248
9463
4106
1796
3032
7819
9139
7235
2069
8241
5522
9296
7644
593
1218
944
6530
8493
709
7396
4053
5391
3113
7618
1100
3388
5371
6429
1097
8205
9922
2790
1864
1449
3621
5893
3888
6730
207
2569
7934
6536
3990
9879
4712
9643
712
9891
557
360
6189
8341
3198
4728
3722
6074
3991
2556
7862
7259
6004
1459
3250
4523
2062
7551
1004
4522
962
3506
2142
9345
5304
4342
5991
8583
5647
8082
2224
1007
4525
4702
3612
9431
8126
284
4986
4530
6858
4876
7911
3880
7247
9199
8141
7290
3963
8362
487
5961
5566
6406
9084
4599
2072
2764
1572
3251
6368
1048
8002
2039
741
3232
5153
3589
3400
9582
4599
3688
8650
7997
6338
3939
2450
441
3189
2336
705
7657
2434
2107
9579
4068
2435
8628
6197
1108
7375
5728
2956
8746
3681
6564
9410
2737
9801
445
6571
6717
6369
9107
8103
7799
2937
3707
259
4730
6517
7490
3163
1033
9131
7289
5863
2872
8686
5252
4224
2262
6701
3320
4293
9984
3296
2324
4309
7367
6886
3529
1092
9779
5967
6630
542
9239
4528
8964
2414
1656
70
3283
5391
7698
3385
7023
8731
5496
818
2476
7264
6243
94
4150
7038
5859
6236
7652
2138
3043
8027
2784
5534
7583
9501
7333
6070
9625
6191
6609
5658
1178
3337
629
6914
8289
433
4271
9273
4086
399
4315
7282
9662
2512
6916
714
8983
1904
8662
8271
4418
5999
948
9696
4042
6967
3666
94
3298
8810
1228
988
9518
4932
6090
9277
8224
5408
3999
5381
2210
8984
532
6294
4212
3691
321
205
152
2837
3555
2938
2872
4711
7913
8994
2237
7392
3408
8825
1447
3100
6938
5438
5454
2015
9998
1273
5497
6581
1756
4402
6966
6981
2086
269
7126
4228
1806
4121
557
4979
6927
2558
7030
3404
6259
8180
1441
9205
8232
7734
2817
4551
6763
3675
2704
4501
732
7202
5247
9831
5886
4146
5112
1277
8972
1546
1699
83
9342
2179
9790
6122
5618
4907
5470
5837
2050
5756
1425
1180
7304
563
8308
9351
8281
3446
2485
6975
2269
5140
576
7814
2656
3925
1041
4773
3028
5027
4849
447
3878
8615
4432
1988
7559
8846
9302
833
5813
9738
5835
2054
1852
7390
3294
7733
6914
5098
4757
510
2637
7791
536
2143
4233
5818
9471
2932
1613
7282
9751
8441
1769
4146
5067
8519
5516
1502
4236
9668
2627
4188
4876
375
6866
8249
6767
294
2164
7787
5228
5315
910
5871
4741
2069
3781
146
4686
2017
2221
9067
1929
2314
9453
7839
1809
632
6605
5388
8411
7175
4362
1865
7093
1690
4764
5691
8268
5691
6189
9268
9948
4979
5326
6788
7549
8276
4465
9862
524
4336
8544
4382
9022
1219
4952
3206
7251
5344
3170
7193
9508
36
6601
3588
1711
448
2782
4439
8894
779
6114
6272
4114
3556
9425
9182
3408
1835
3523
7264
9943
8750
2445
3538
6197
7406
1188
6355
8815
7676
2587
8948
5632
6760
7572
8825
1381
7584
831
901
2795
6056
2636
71
1750
3096
4023
3050
9583
9116
9190
2419
2658
5362
383
6032
6373
8126
4939
7610
9376
4455
2339
3283
3017
3920
9359
6853
9316
705
2147
8219
114
3689
2584
1126
3119
6072
8964
6891
1424
2870
2318
287
888
8999
9758
3515
431
9160
810
409
8342
6251
5311
5847
7274
4592
5044
7570
1186
1689
3745
7006
318
2162
8194
2099
9642
8121
8861
2769
7366
9058
1267
3494
6943
446
455
6398
2032
4488
4884
4714
6991
9584
3274
3558
3689
2401
7646
7118
4789
4740
599
3727
5656
2337
7025
364
4611
8869
808
2665
4248
9999
57
9635
5852
2925
8308
3177
4744
7690
399
880
4807
5714
7404
8116
3607
3326
3312
1576
8893
8151
1608
342
5498
8393
9208
1665
8999
6815
5347
98
6677
7200
9753
3119
9555
3604
2443
5928
7736
8579
4174
6546
9819
7662
8476
5124
257
1653
818
3882
9732
5708
5595
2104
4292
7499
9156
859
9858
2032
3111
6964
4844
9577
9860
3774
5620
8213
7363
8235
8306
6844
282
6550
4004
1906
1089
8124
7932
1349
6889
6401
821
4834
9047
8720
4130
867
5830
8709
3615
2873
2930
3816
3345
5683
7650
4849
6290
3120
1375
4464
6867
6098
5925
6589
5930
4552
5553
1008
9824
1235
9446
9395
8824
6454
9799
3693
9834
7805
8598
2667
5038
5030
7900
9528
6110
6673
9519
2931
929
8910
4168
3588
4992
135
2059
4866
1520
1388
3774
2068
4186
3350
1675
3019
5697
4354
7171
5900
684
5474
2322
3771
9381
7944
3344
144
6328
5129
9958
2541
2385
2028
5772
6649
7292
4368
733
5452
48
11
1106
2884
9366
6552
3913
403
4043
1848
3679
606
8683
8203
8800
6224
8882
9638
930
1047
8201
1696
8827
4040
6635
202
9496
8027
6059
5913
4746
2394
6690
9571
4933
5596
130
7285
3840
2973
8251
4343
7477
8421
4029
533
8122
852
7322
2477
3725
4940
8514
6088
7933
3905
5529
5638
733
6430
2058
8691
3058
3447
9725
5243
3469
7982
8039
1705
5757
5991
7286
7822
3388
8338
3565
9008
3441
2688
6930
534
4577
8409
2633
3726
7580
3101
6424
4717
3019
5955
8997
4369
8545
6093
6211
2034
7278
8478
8695
6216
9062
6657
5990
9477
1268
7196
3671
3962
1443
5590
3121
8951
4376
7740
4976
9945
6221
3930
7638
9468
7053
3198
3537
44
6568
7806
1290
8191
4468
8310
8561
2343
3690
5293
685
1861
6220
4272
2266
1909
3437
1169
8047
9666
7219
9021
9597
2530
3667
1558
1778
5980
2266
8370
3207
6880
476
2634
4493
9557
5594
964
3381
3901
6438
1258
1295
3392
2011
3519
3903
2194
9080
2904
9793
9879
5417
8627
531
7375
5029
3400
5707
9768
9359
2206
4880
5370
7913
8270
5293
8543
2536
2589
5368
9441
7752
7023
9423
214
5678
7752
5795
3316
8285
4969
8262
7748
295
9327
9110
4196
5423
9344
7172
9627
357
7721
8042
1736
935
679
8899
1363
8149
6049
8733
296
9079
4317
8308
5755
9290
2639
2059
3118
5673
7277
2436
6884
1384
1061
8391
4994
9126
3041
3233
3206
9710
4123
7638
8225
4249
4383
6722
3550
4236
7283
6076
7540
800
4639
8434
6309
8351
8559
7786
1866
8124
2761
3391
6938
3207
298
4589
1538
4446
5808
6057
2682
4568
5214
1891
8337
9566
3867
4251
9056
1096
582
7006
2627
5219
156
7278
5088
522
1873
4625
4092
9428
3436
170
6785
1292
6567
3075
2708
9577
3550
9143
1250
8825
5738
3953
9743
8706
9571
9885
9624
6868
2471
9883
2494
8332
2646
792
4263
6382
3177
9178
9701
2361
6237
8253
2698
3044
9535
2829
3240
6454
3690
7907
6730
7816
9410
8517
1525
2342
8453
6421
3366
9897
8979
3496
6057
82
2077
2148
5449
1323
6846
5476
666
2208
4187
1347
2314
1427
3866
6962
9780
8540
6133
4957
6133
3711
5094
2313
8011
1820
891
6518
244
2168
5675
7026
3957
7263
6749
1775
3767
5037
8132
4823
3948
5545
2180
6492
5317
3116
9398
8736
8678
5362
3907
6093
5977
856
7397
6588
7100
9686
6741
3963
4564
4722
388
8128
2547
4830
8604
3151
86
3256
8075
1537
3793
799
6714
174
1355
1725
8021
7836
734
6205
1018
705
6533
3914
3538
2234
9375
7353
9230
7647
8091
2794
1778
1331
8099
5963
1551
9778
6785
8568
6710
2718
1095
21
7784
2795
5788
9762
4868
2403
5297
7224
5134
7920
5879
5740
1389
3432
8487
1647
211
6402
504
347
9215
5713
6069
2142
3901
2068
5435
7029