9999
9999
9998
9997
9995
9995
9994
9990
9989
9988
9988
9987
9985
9984
9984
9980
9980
9980
9979
9977
9975
9974
9974
9973
9973
9973
9972
9972
9971
9969
9968
9968
9968
9967
9967
9967
9966
9966
9965
9965
9964
9962
9958
9957
9957
9957
9957
9956
9956
9956
9955
9953
9949
9949
9948
9946
9946
9945
9945
9945
9944
9943
9942
9941
9938
9936
9936
9933
9933
9932
9932
9932
9931
9929
9928
9927
9925
9923
9922
9920
9919
9916
9915
9915
9915
9914
9910
9910
9909
9907
9906
9902
9901
9900
9899
9898
9897
9897
9897
9897
9896
9896
9896
9895
9894
9894
9891
9890
9889
9889
9889
9888
9886
9886
9885
9883
9882
9881
9881
9881
9879
9879
9878
9877
9874
9873
9871
9869
9868
9866
9865
9865
9865
9863
9862
9862
9860
9859
9858
9857
9856
9855
9852
9850
9850
9848
9846
9844
9844
9843
9843
9842
9841
9840
9837
9837
9834
9832
9831
9829
9828
9828
9827
9827
9827
9826
9826
9826
9825
9825
9825
9824
9824
9823
9823
9821
9821
9820
9819
9817
9816
9816
9814
9814
9814
9813
9813
9810
9807
9806
9805
9804
9804
9804
9802
9802
9802
9801
9801
9800
9799
9799
9799
9799
9798
9797
9795
9793
9793
9793
9792
9792
9791
9790
9789
9788
9785
9783
9780
9780
9780
9779
9778
9777
9772
9772
9771
9770
9770
9769
9768
9768
9768
9767
9766
9765
9763
9763
9762
9762
9761
9761
9761
9758
9758
9756
9755
9755
9755
9754
9753
9751
9750
9750
9750
9749
9749
9748
9746
9745
9745
9743
9743
9742
9740
9739
9738
9736
9735
9734
9732
9732
9732
9732
9731
9731
9730
9728
9728
9728
9727
9727
9727
9726
9725
9725
9725
9725
9724
9723
9723
9722
9722
9721
9721
9718
9718
9717
9715
9715
9713
9711
9711
9711
9710
9710
9708
9708
9705
9704
9704
9704
9701
9701
9701
9700
9699
9698
9698
9698
9697
9696
9695
9693
9693
9690
9689
9688
9688
9688
9686
9686
9686
9685
9685
9685
9684
9684
9683
9681
9680
9680
9677
9676
9676
9675
9674
9674
9674
9673
9673
9673
9672
9671
9671
9671
9670
9670
9668
9666
9666
9664
9662
9661
9660
9658
9657
9657
9656
9653
9653
9653
9652
9650
9649
9649
9645
9645
9645
9644
9643
9643
9643
9642
9642
9641
9641
9638
9636
9635
9634
9634
9634
9633
9632
9632
9631
9628
9627
9627
9626
9626
9625
9624
9624
9623
9622
9621
9620
9619
9618
9618
9614
9614
9613
9612
9610
9609
9607
9607
9605
9604
9602
9601
9601
9600
9599
9598
9598
9598
9597
9597
9593
9592
9591
9591
9587
9586
9586
9585
9584
9584
9584
9584
9583
9583
9583
9583
9582
9582
9582
9582
9581
9579
9579
9579
9578
9578
9578
9577
9577
9576
9576
9575
9573
9571
9571
9571
9570
9569
9567
9566
9566
9565
9564
9564
9563
9563
9562
9561
9561
9559
9558
9558
9558
9557
9557
9557
9556
9555
9555
9554
9554
9553
9552
9551
9550
9549
9548
9547
9544
9542
9541
9538
9538
9537
9536
9535
9535
9535
9534
9533
9532
9528
9526
9525
9525
9524
9521
9521
9520
9519
9519
9519
9518
9517
9516
9515
9514
9514
9514
9512
9511
9509
9508
9505
9503
9503
9502
9502
9502
9502
9501
9501
9501
9501
9500
9499
9497
9497
9496
9493
9492
9491
9490
9489
9486
9485
9484
9482
9482
9481
9481
9478
9477
9477
9476
9475
9475
9474
9473
9472
9471
9471
9470
9470
9470
9469
9468
9468
9467
9467
9466
9464
9464
9463
9463
9461
9461
9461
9461
9459
9458
9457
9457
9455
9455
9455
9455
9453
9453
9451
9451
9451
9450
9449
9448
9446
9446
9444
9443
9443
9441
9441
9438
9436
9436
9435
9434
9431
9429
9429
9428
9427
9427
9426
9425
9423
9421
9421
9420
9419
9417
9415
9414
9414
9412
9412
9411
9410
9410
9409
9408
9407
9406
9406
9405
9405
9403
9402
9398
9398
9397
9396
9395
9395
9395
9393
9390
9389
9389
9388
9388
9387
9384
9384
9383
9381
9381
9381
9380
9380
9379
9379
9377
9377
9376
9375
9375
9374
9372
9372
9369
9369
9369
9368
9368
9367
9367
9366
9366
9364
9363
9362
9360
9360
9360
9359
9359
9359
9358
9356
9355
9354
9353
9352
9351
9350
9348
9345
9345
9345
9344
9342
9342
9338
9338
9336
9333
9333
9332
9332
9332
9331
9330
9329
9329
9327
9324
9318
9317
9316
9316
9313
9312
9311
9309
9308
9308
9307
9306
9305
9305
9303
9303
9302
9302
9301
9301
9299
9297
9297
9296
9296
9296
9290
9290
9289
9287
9286
9286
9285
9284
9284
9282
9282
9282
9281
9280
9279
9279
9279
9279
9278
9277
9275
9274
9274
9274
9273
9272
9271
9271
9270
9270
9268
9267
9263
9263
9263
9263
9263
9262
9262
9261
9261
9260
9260
9260
9259
9259
9255
9254
9254
9254
9251
9247
9245
9244
9244
9242
9242
9241
9240
9239
9239
9238
9237
9236
9235
9233
9232
9231
9230
9229
9226
9223
9222
9222
9222
9222
9222
9222
9221
9220
9220
9220
9219
9219
9218
9216
9215
9215
9214
9214
9211
9211
9210
9210
9208
9207
9206
9205
9204
9203
9203
9202
9201
9200
9200
9199
9199
9197
9197
9195
9195
9190
9189
9189
9187
9186
9186
9185
9184
9184
9183
9182
9182
9180
9179
9178
9177
9176
9175
9174
9174
9174
9173
9173
9171
9171
9167
9166
9165
9165
9164
9163
9161
9161
9160
9160
9160
9158
9158
9156
9152
9152
9151
9150
9150
9149
9147
9147
9146
9143
9142
9142
9141
9141
9140
9139
9139
9139
9138
9138
9138
9138
9136
9136
9134
9134
9132
9131
9131
9130
9128
9128
9126
9123
9121
9120
9120
9118
9116
9116
9116
9116
9116
9115
9115
9112
9111
9110
9109
9107
9107
9107
9106
9105
9103
9101
9101
9099
9098
9097
9097
9096
9095
9095
9090
9090
9089
9089
9087
9084
9081
9080
9080
9079
9079
9079
9077
9076
9075
9074
9074
9074
9074
9068
9067
9066
9064
9064
9063
9062
9058
9058
9056
9056
9055
9053
9052
9052
9051
9048
9047
9044
9043
9042
9041
9040
9039
9039
9038
9038
9035
9033
9031
9031
9031
9030
9028
9028
9025
9025
9024
9023
9023
9022
9021
9021
9019
9016
9014
9013
9013
9010
9010
9009
9008
9007
9005
9004
9003
9000
9000
8999
8999
8997
8996
8994
8994
8992
8991
8989
8988
8987
8985
8984
8983
8980
8979
8979
8979
8978
8976
8976
8976
8976
8972
8972
8968
8967
8966
8964
8964
8963
8961
8960
8960
8959
8958
8958
8957
8956
8954
8954
8953
8953
8953
8951
8951
8950
8950
8949
8948
8945
8945
8943
8943
8943
8942
8940
8940
8939
8939
8936
8932
8932
8931
8926
8924
8922
8922
8921
8921
8921
8920
8918
8917
8916
8913
8913
8910
8909
8909
8908
8908
8908
8907
8904
8904
8901
8899
8899
8897
8896
8894
8894
8893
8892
8891
8890
8888
8886
8885
8884
8882
8882
8881
8880
8880
8879
8877
8876
8872
8872
8869
8868
8867
8865
8865
8865
8864
8864
8862
8861
8860
8859
8859
8859
8858
8858
8858
8856
8854
8854
8851
8848
8848
8846
8846
8844
8844
8843
8841
8838
8837
8836
8835
8834
8834
8832
8831
8831
8830
8830
8830
8830
8829
8829
8827
8826
8825
8825
8825
8825
8824
8820
8818
8817
8817
8815
8814
8813
8812
8810
8810
8808
8808
8807
8806
8806
8806
8805
8805
8805
8803
8800
8800
8799
8796
8796
8795
8794
8791
8790
8789
8789
8788
8786
8785
8785
8783
8782
8780
8779
8778
8778
8776
8773
8773
8771
8770
8768
8766
8765
8764
8762
8762
8761
8761
8761
8760
8758
8758
8755
8755
8755
8754
8754
8753
8753
8752
8752
8751
8750
8749
8748
8746
8746
8743
8743
8740
8739
8738
8738
8736
8736
8733
8733
8733
8732
8732
8731
8730
8728
8728
8727
8726
8722
8720
8720
8719
8716
8711
8710
8710
8710
8709
8708
8708
8707
8706
8704
8704
8703
8701
8697
8697
8697
8696
8696
8695
8694
8693
8693
8692
8691
8691
8689
8688
8687
8686
8686
8686
8685
8684
8683
8681
8680
8679
8678
8678
8678
8678
8678
8674
8674
8674
8673
8673
8671
8670
8670
8670
8669
8668
8668
8664
8664
8663
8663
8662
8662
8661
8660
8659
8657
8657
8655
8655
8653
8652
8650
8650
8650
8650
8649
8648
8646
8646
8645
8644
8643
8643
8642
8642
8638
8637
8636
8633
8630
8630
8628
8628
8627
8623
8622
8621
8619
8616
8615
8615
8612
8612
8610
8610
8610
8609
8608
8608
8608
8607
8607
8604
8603
8601
8600
8598
8597
8597
8596
8596
8596
8594
8593
8593
8589
8588
8587
8585
8584
8584
8583
8583
8582
8582
8581
8581
8579
8579
8579
8577
8574
8572
8571
8570
8568
8567
8565
8561
8560
8559
8558
8557
8557
8556
8555
8554
8553
8552
8552
8552
8550
8550
8549
8548
8545
8545
8545
8544
8543
8541
8541
8540
8538
8538
8537
8536
8533
8533
8533
8532
8528
8527
8527
8526
8525
8523
8522
8522
8519
8518
8517
8517
8515
8514
8509
8509
8507
8507
8506
8506
8506
8505
8504
8500
8500
8498
8498
8498
8497
8497
8495
8494
8493
8492
8491
8490
8489
8488
8487
8484
8483
8482
8482
8482
8481
8480
8480
8478
8478
8476
8476
8476
8474
8474
8472
8470
8469
8466
8465
8464
8463
8463
8462
8462
8460
8460
8460
8458
8457
8457
8456
8456
8453
8453
8451
8451
8446
8444
8444
8443
8441
8441
8438
8438
8437
8436
8434
8434
8432
8430
8429
8426
8425
8424
8421
8421
8420
8419
8416
8416
8411
8411
8410
8410
8410
8409
8409
8406
8405
8404
8403
8401
8400
8399
8395
8395
8395
8394
8393
8392
8392
8392
8391
8391
8389
8389
8387
8386
8385
8384
8383
8382
8381
8381
8381
8381
8380
8380
8379
8377
8377
8374
8374
8373
8372
8370
8365
8364
8364
8364
8362
8362
8361
8360
8358
8357
8357
8357
8357
8355
8355
8354
8354
8352
8351
8351
8349
8348
8348
8348
8348
8347
8347
8342
8342
8341
8339
8338
8338
8337
8337
8335
8335
8332
8332
8332
8331
8331
8331
8330
8329
8327
8323
8322
8322
8320
8319
8315
8315
8314
8313
8311
8310
8310
8309
8308
8308
8308
8308
8307
8306
8306
8305
8304
8300
8290
8290
8289
8289
8288
8288
8287
8286
8286
8285
8285
8285
8283
8283
8281
8280
8278
8277
8276
8276
8276
8272
8271
8270
8270
8270
8269
8268
8267
8266
8265
8262
8260
8254
8253
8252
8251
8251
8251
8249
8249
8249
8245
8243
8243
8242
8241
8241
8239
8238
8238
8237
8235
8235
8234
8233
8232
8231
8229
8229
8229
8228
8225
8225
8224
8224
8223
8221
8220
8220
8220
8219
8219
8218
8217
8217
8213
8213
8213
8213
8212
8212
8212
8212
8210
8209
8208
8208
8207
8207
8206
8205
8205
8205
8204
8203
8203
8202
8202
8201
8201
8199
8198
8197
8196
8194
8194
8194
8194
8193
8192
8191
8191
8189
8187
8186
8186
8185
8182
8180
8179
8179
8176
8174
8173
8173
8172
8171
8168
8163
8161
8161
8161
8159
8158
8158
8157
8157
8155
8154
8153
8153
8152
8151
8150
8150
8149
8149
8147
8145
8144
8143
8143
8142
8142
8141
8140
8139
8139
8138
8137
8136
8135
8133
8132
8132
8131
8130
8128
8128
8128
8126
8126
8125
8124
8124
8124
8123
8123
8122
8121
8119
8119
8117
8117
8116
8112
8111
8110
8109
8108
8106
8105
8105
8104
8103
8103
8102
8101
8100
8099
8099
8099
8099
8098
8097
8096
8095
8094
8094
8093
8092
8092
8091
8091
8091
8090
8090
8090
8089
8088
8086
8085
8083
8082
8080
8080
8078
8077
8077
8075
8073
8072
8072
8070
8070
8070
8067
8066
8066
8065
8064
8062
8062
8062
8061
8060
8059
8058
8056
8054
8052
8052
8050
8049
8048
8048
8048
8047
8047
8046
8044
8042
8041
8039
8039
8039
8039
8035
8034
8034
8032
8032
8030
8029
8027
8027
8027
8027
8027
8025
8025
8022
8021
8020
8019
8018
8017
8016
8013
8013
8012
8011
8011
8011
8010
8010
8010
8010
8008
8008
8007
8007
8007
8005
8004
8004
8004
8003
8003
8002
8002
8000
8000
7998
7998
7997
7997
7996
7992
7990
7989
7988
7987
7987
7986
7985
7982
7982
7982
7981
7981
7979
7979
7979
7978
7978
7973
7973
7972
7972
7971
7967
7965
7965
7964
7960
7959
7959
7958
7957
7956
7955
7954
7953
7952
7952
7951
7950
7950
7947
7944
7943
7942
7940
7938
7938
7935
7934
7933
7933
7933
7932
7932
7930
7929
7928
7928
7928
7927
7926
7924
7923
7923
7921
7920
7919
7919
7918
7915
7914
7914
7913
7913
7912
7911
7911
7911
7911
7910
7909
7908
7907
7904
7904
7903
7903
7902
7901
7900
7900
7897
7897
7895
7894
7893
7892
7891
7891
7890
7888
7886
7882
7879
7877
7876
7876
7876
7871
7871
7871
7869
7868
7867
7866
7864
7864
7864
7862
7860
7858
7857
7855
7855
7855
7853
7853
7853
7852
7849
7848
7843
7841
7841
7841
7839
7838
7838
7836
7836
7834
7832
7832
7831
7829
7827
7826
7826
7825
7825
7822
7822
7822
7820
7819
7819
7817
7816
7816
7816
7816
7815
7814
7812
7811
7810
7808
7807
7807
7806
7806
7806
7805
7805
7803
7803
7802
7801
7800
7799
7797
7793
7793
7791
7791
7791
7789
7787
7786
7786
7786
7786
7784
7780
7779
7779
7779
7778
7776
7773
7771
7767
7765
7763
7758
7757
7754
7752
7752
7751
7751
7750
7748
7748
7748
7747
7747
7745
7743
7742
7742
7740
7740
7740
7739
7738
7737
7736
7735
7735
7734
7734
7733
7733
7732
7732
7731
7729
7728
7727
7727
7727
7726
7726
7725
7722
7721
7721
7721
7721
7721
7719
7715
7714
7712
7711
7709
7709
7708
7707
7703
7702
7702
7702
7701
7698
7698
7694
7694
7693
7693
7692
7691
7690
7690
7689
7688
7686
7686
7686
7685
7680
7679
7677
7676
7675
7674
7674
7672
7672
7672
7671
7670
7669
7668
7667
7667
7667
7664
7662
7662
7661
7661
7657
7657
7655
7654
7653
7652
7651
7650
7650
7650
7650
7650
7649
7648
7648
7647
7647
7646
7645
7644
7644
7643
7643
7642
7642
7641
7641
7641
7641
7638
7638
7638
7636
7635
7635
7635
7634
7630
7629
7629
7626
7626
7626
7625
7621
7621
7621
7618
7618
7616
7615
7610
7610
7610
7605
7605
7602
7602
7602
7601
7601
7601
7600
7600
7595
7593
7591
7590
7590
7588
7587
7586
7584
7583
7581
7580
7580
7578
7578
7576
7576
7574
7574
7574
7572
7570
7570
7570
7570
7569
7568
7568
7568
7567
7567
7567
7567
7567
7566
7562
7561
7559
7559
7559
7557
7556
7556
7556
7554
7554
7553
7553
7551
7550
7550
7549
7544
7544
7543
7542
7542
7542
7540
7540
7540
7538
7536
7535
7534
7534
7529
7529
7528
7527
7527
7526
7525
7523
7519
7519
7519
7518
7518
7517
7515
7515
7512
7512
7509
7506
7506
7505
7503
7502
7502
7500
7500
7499
7497
7497
7496
7496
7496
7494
7494
7492
7491
7491
7490
7488
7488
7487
7487
7487
7486
7485
7481
7478
7478
7477
7475
7474
7474
7473
7473
7468
7467
7465
7464
7464
7463
7463
7462
7461
7461
7460
7460
7459
7459
7459
7459
7455
7453
7452
7452
7448
7446
7446
7445
7444
7442
7442
7442
7440
7440
7439
7437
7437
7436
7436
7435
7435
7434
7432
7429
7429
7426
7423
7422
7422
7421
7421
7418
7417
7415
7415
7415
7415
7414
7412
7411
7409
7409
7409
7406
7406
7405
7405
7405
7404
7404
7404
7404
7403
7401
7401
7397
7396
7395
7393
7392
7390
7390
7388
7388
7388
7387
7385
7384
7384
7383
7383
7382
7378
7378
7375
7375
7375
7371
7369
7368
7368
7367
7367
7366
7366
7365
7364
7363
7359
7358
7356
7356
7356
7355
7354
7354
7353
7351
7351
7350
7350
7349
7349
7349
7347
7347
7346
7345
7342
7342
7340
7340
7337
7335
7335
7334
7333
7333
7330
7329
7324
7323
7322
7322
7320
7318
7317
7316
7315
7314
7313
7312
7311
7309
7308
7308
7308
7305
7304
7301
7301
7300
7300
7300
7296
7296
7295
7295
7293
7292
7291
7290
7290
7289
7288
7286
7286
7285
7285
7284
7283
7282
7282
7282
7282
7281
7281
7278
7278
7277
7277
7276
7275
7274
7274
7273
7272
7271
7270
7268
7266
7265
7264
7264
7264
7263
7262
7261
7260
7259
7259
7255
7253
7252
7252
7251
7251
7251
7249
7248
7247
7247
7244
7243
7243
7237
7236
7236
7235
7235
7235
7234
7234
7233
7231
7228
7227
7226
7225
7224
7222
7222
7222
7221
7221
7220
7219
7218
7217
7217
7216
7215
7213
7212
7211
7207
7206
7202
7202
7202
7202
7201
7201
7200
7200
7197
7197
7196
7195
7195
7194
7193
7193
7190
7189
7189
7188
7186
7186
7185
7179
7179
7176
7176
7176
7175
7174
7172
7172
7171
7168
7168
7168
7167
7167
7166
7164
7164
7164
7163
7162
7161
7161
7161
7161
7160
7158
7149
7148
7145
7144
7143
7142
7141
7141
7140
7138
7135
7134
7134
7132
7132
7131
7131
7128
7127
7126
7126
7126
7125
7125
7125
7124
7124
7122
7122
7120
7120
7119
7118
7118
7117
7116
7115
7113
7113
7112
7112
7109
7109
7108
7106
7104
7102
7102
7102
7101
7101
7100
7100
7100
7100
7098
7094
7093
7093
7091
7091
7090
7090
7089
7087
7084
7083
7082
7082
7078
7077
7076
7075
7073
7073
7073
7072
7070
7067
7065
7059
7059
7057
7057
7057
7054
7053
7052
7047
7046
7045
7044
7044
7043
7042
7040
7038
7037
7036
7036
7036
7035
7030
7029
7029
7028
7027
7026
7026
7025
7025
7025
7023
7023
7022
7022
7019
7018
7017
7016
7015
7014
7013
7013
7011
7008
7007
7006
7006
7006
7005
7004
7004
6998
6997
6994
6993
6992
6992
6991
6991
6991
6990
6989
6987
6985
6985
6984
6983
6982
6982
6982
6981
6981
6981
6980
6979
6979
6979
6976
6975
6975
6975
6974
6974
6973
6972
6971
6968
6967
6966
6966
6966
6964
6962
6962
6962
6962
6959
6958
6958
6958
6955
6955
6954
6952
6952
6951
6950
6948
6948
6948
6948
6948
6947
6946
6943
6943
6942
6940
6939
6939
6938
6938
6937
6937
6936
6935
6931
6930
6929
6927
6927
6925
6924
6922
6922
6921
6921
6920
6919
6919
6916
6916
6914
6914
6912
6911
6909
6908
6908
6907
6906
6906
6904
6902
6902
6900
6899
6899
6897
6897
6893
6891
6891
6891
6889
6889
6889
6889
6889
6888
6888
6887
6886
6886
6884
6883
6882
6882
6881
6880
6879
6878
6877
6876
6875
6872
6871
6870
6870
6870
6868
6868
6868
6867
6866
6866
6865
6865
6864
6863
6863
6862
6861
6859
6858
6856
6855
6853
6849
6849
6848
6847
6846
6846
6845
6844
6844
6844
6841
6839
6838
6838
6836
6832
6829
6828
6827
6826
6826
6824
6822
6821
6821
6820
6820
6819
6818
6817
6815
6814
6814
6814
6813
6812
6812
6811
6807
6807
6805
6805
6804
6804
6801
6801
6798
6797
6797
6797
6797
6795
6790
6790
6789
6789
6788
6787
6786
6785
6785
6784
6783
6783
6782
6781
6780
6780
6779
6778
6776
6775
6773
6772
6771
6769
6768
6767
6767
6765
6765
6765
6765
6763
6763
6760
6760
6760
6759
6758
6757
6755
6754
6753
6752
6750
6749
6749
6749
6749
6748
6745
6745
6744
6744
6742
6742
6741
6741
6740
6740
6740
6738
6737
6736
6736
6735
6734
6734
6734
6733
6733
6733
6731
6731
6730
6730
6730
6729
6728
6727
6726
6725
6724
6724
6724
6723
6723
6723
6723
6722
6721
6719
6719
6719
6718
6717
6717
6717
6716
6714
6714
6711
6711
6710
6710
6709
6709
6709
6707
6705
6704
6703
6703
6703
6701
6698
6698
6697
6693
6690
6690
6689
6689
6687
6686
6681
6680
6679
6679
6678
6677
6676
6676
6676
6673
6672
6672
6671
6671
6668
6666
6666
6665
6665
6663
6661
6660
6659
6658
6658
6657
6657
6657
6657
6656
6656
6655
6652
6650
6649
6649
6649
6645
6645
6645
6643
6641
6641
6641
6640
6639
6638
6638
6637
6635
6635
6635
6633
6633
6633
6633
6633
6632
6631
6630
6630
6628
6627
6625
6625
6623
6622
6622
6620
6619
6618
6618
6618
6613
6612
6611
6609
6608
6607
6606
6606
6605
6605
6603
6603
6601
6601
6598
6596
6595
6594
6594
6593
6589
6589
6589
6588
6588
6587
6587
6587
6586
6586
6585
6584
6582
6581
6581
6579
6578
6578
6577
6575
6574
6571
6570
6570
6569
6569
6568
6568
6567
6565
6564
6563
6562
6562
6559
6559
6559
6559
6557
6557
6556
6553
6552
6551
6551
6551
6550
6550
6550
6550
6549
6548
6547
6547
6546
6544
6544
6543
6541
6541
6539
6536
6536
6534
6534
6533
6532
6532
6531
6530
6529
6526
6523
6522
6522
6522
6521
6521
6520
6519
6519
6518
6518
6517
6517
6517
6516
6515
6514
6512
6508
6507
6505
6505
6504
6504
6504
6503
6502
6498
6498
6495
6495
6494
6493
6493
6492
6492
6492
6492
6491
6490
6489
6489
6488
6488
6487
6487
6486
6483
6482
6481
6480
6479
6479
6475
6475
6471
6471
6470
6470
6468
6468
6464
6464
6462
6462
6461
6458
6458
6456
6456
6456
6455
6455
6455
6454
6454
6454
6454
6451
6450
6450
6449
6447
6446
6444
6444
6441
6440
6439
6439
6439
6438
6436
6434
6433
6431
6430
6429
6429
6426
6426
6425
6424
6424
6422
6421
6419
6417
6417
6417
6416
6415
6412
6410
6410
6409
6408
6406
6406
6406
6405
6405
6404
6402
6402
6401
6400
6400
6399
6399
6398
6398
6397
6396
6396
6395
6394
6394
6393
6390
6390
6389
6389
6386
6386
6382
6382
6379
6378
6376
6375
6373
6373
6373
6369
6368
6364
6364
6364
6364
6363
6363
6363
6362
6362
6361
6357
6357
6356
6355
6353
6352
6351
6351
6350
6350
6348
6346
6346
6346
6345
6344
6343
6339
6338
6335
6333
6332
6331
6330
6329
6328
6328
6325
6323
6322
6322
6321
6321
6319
6319
6319
6318
6317
6315
6315
6314
6313
6310
6309
6307
6306
6306
6305
6304
6302
6302
6301
6300
6299
6299
6299
6298
6298
6297
6295
6295
6294
6294
6293
6293
6292
6290
6289
6289
6289
6289
6288
6286
6285
6283
6283
6283
6282
6281
6281
6281
6280
6279
6279
6278
6277
6277
6276
6275
6275
6273
6272
6271
6269
6268
6267
6266
6265
6265
6263
6261
6260
6259
6257
6256
6256
6255
6253
6251
6250
6250
6250
6248
6248
6248
6248
6247
6243
6243
6243
6243
6243
6242
6242
6239
6237
6237
6236
6235
6235
6234
6231
6230
6226
6224
6223
6222
6222
6221
6221
6221
6220
6220
6219
6218
6217
6216
6216
6215
6215
6213
6213
6212
6212
6211
6207
6205
6204
6203
6203
6203
6202
6202
6202
6201
6201
6200
6200
6200
6199
6198
6198
6198
6197
6197
6197
6196
6196
6195
6193
6193
6193
6192
6191
6190
6190
6190
6190
6190
6189
6189
6189
6188
6186
6186
6185
6185
6184
6183
6182
6182
6179
6178
6177
6177
6177
6177
6177
6174
6171
6171
6171
6170
6169
6168
6167
6166
6165
6165
6164
6163
6162
6160
6159
6159
6157
6157
6156
6153
6152
6148
6147
6146
6144
6144
6143
6143
6143
6143
6142
6142
6141
6140
6139
6138
6137
6137
6133
6133
6133
6133
6132
6129
6129
6128
6127
6125
6124
6122
6122
6120
6119
6117
6117
6117
6116
6116
6116
6114
6114
6114
6113
6110
6110
6109
6109
6108
6108
6106
6106
6106
6105
6104
6103
6102
6101
6101
6099
6099
6098
6098
6097
6096
6094
6094
6093
6093
6092
6092
6091
6090
6089
6089
6088
6088
6088
6088
6086
6086
6086
6085
6081
6080
6080
6079
6078
6078
6077
6076
6074
6072
6072
6070
6069
6069
6069
6068
6068
6068
6067
6067
6066
6065
6061
6061
6059
6058
6058
6057
6057
6057
6057
6056
6055
6055
6054
6054
6054
6054
6053
6052
6052
6052
6051
6051
6050
6049
6048
6046
6042
6040
6037
6035
6034
6033
6032
6029
6029
6028
6027
6027
6026
6024
6024
6022
6022
6022
6022
6021
6020
6019
6018
6017
6016
6016
6015
6013
6012
6012
6011
6010
6010
6010
6010
6009
6008
6008
6008
6006
6005
6004
6002
6001
6000
6000
5999
5999
5998
5998
5998
5996
5996
5993
5993
5991
5991
5991
5990
5989
5987
5986
5984
5983
5981
5980
5980
5979
5979
5979
5978
5977
5977
5976
5976
5975
5973
5972
5972
5972
5971
5968
5967
5967
5967
5965
5964
5963
5962
5962
5962
5961
5960
5958
5958
5955
5952
5952
5952
5952
5951
5950
5950
5949
5948
5947
5947
5946
5945
5945
5945
5943
5941
5939
5937
5936
5935
5934
5933
5933
5932
5930
5930
5929
5929
5928
5928
5926
5926
5925
5925
5925
5923
5921
5920
5915
5914
5914
5913
5913
5911
5909
5909
5909
5908
5904
5904
5903
5903
5901
5900
5900
5900
5899
5898
5898
5897
5897
5897
5896
5895
5895
5893
5893
5893
5890
5887
5886
5885
5883
5883
5882
5880
5879
5879
5879
5877
5875
5874
5873
5873
5872
5872
5871
5871
5868
5863
5863
5862
5862
5859
5859
5859
5858
5857
5857
5854
5854
5853
5852
5852
5851
5848
5847
5846
5846
5841
5841
5841
5840
5837
5837
5836
5835
5833
5833
5832
5830
5830
5827
5824
5823
5820
5819
5818
5817
5817
5816
5814
5813
5813
5812
5811
5809
5808
5807
5806
5806
5805
5802
5802
5799
5796
5796
5796
5795
5795
5795
5795
5795
5794
5789
5788
5786
5786
5783
5782
5782
5781
5780
5778
5777
5776
5773
5772
5772
5771
5769
5769
5766
5763
5762
5762
5760
5760
5759
5758
5757
5756
5755
5755
5754
5754
5753
5753
5753
5752
5752
5752
5749
5748
5744
5741
5741
5741
5740
5740
5739
5738
5738
5737
5733
5732
5732
5731
5730
5730
5730
5729
5728
5726
5725
5723
5722
5722
5722
5721
5721
5719
5719
5714
5714
5713
5712
5711
5710
5709
5708
5707
5706
5703
5700
5700
5700
5698
5697
5695
5693
5692
5691
5691
5690
5683
5683
5681
5681
5681
5678
5677
5677
5675
5674
5673
5671
5671
5665
5665
5664
5664
5664
5664
5663
5658
5656
5656
5656
5654
5653
5652
5650
5649
5648
5647
5647
5647
5644
5643
5641
5641
5640
5639
5639
5638
5636
5636
5632
5632
5631
5630
5628
5627
5622
5620
5620
5618
5616
5613
5613
5611
5610
5610
5608
5606
5606
5603
5602
5602
5601
5600
5597
5597
5596
5596
5596
5596
5595
5595
5594
5594
5593
5592
5592
5591
5591
5590
5590
5589
5589
5589
5589
5589
5588
5588
5588
5587
5585
5584
5584
5584
5583
5582
5582
5582
5581
5580
5579
5579
5577
5577
5576
5575
5574
5574
5573
5573
5572
5567
5567
5567
5567
5566
5565
5563
5562
5559
5555
5554
5553
5552
5552
5552
5552
5551
5551
5549
5548
5548
5547
5547
5547
5546
5545
5544
5544
5543
5540
5538
5537
5535
5535
5534
5533
5532
5532
5531
5530
5530
5530
5529
5529
5527
5525
5524
5523
5522
5521
5520
5519
5519
5519
5518
5517
5516
5516
5515
5514
5513
5513
5511
5510
5508
5506
5504
5504
5503
5501
5500
5500
5498
5498
5498
5497
5496
5495
5493
5491
5491
5490
5489
5486
5486
5486
5483
5483
5482
5479
5479
5479
5477
5476
5476
5476
5476
5475
5474
5473
5471
5471
5470
5470
5468
5468
5466
5466
5465
5463
5462
5460
5457
5456
5454
5452
5452
5451
5450
5450
5449
5449
5447
5446
5445
5445
5444
5441
5441
5440
5439
5438
5438
5437
5435
5435
5434
5433
5432
5428
5424
5423
5423
5422
5420
5419
5418
5418
5417
5415
5415
5412
5412
5410
5409
5409
5409
5408
5408
5407
5406
5405
5405
5404
5403
5403
5401
5399
5398
5397
5395
5393
5393
5392
5391
5391
5391
5389
5389
5388
5387
5387
5384
5383
5383
5383
5382
5381
5380
5379
5378
5378
5378
5378
5374
5374
5372
5371
5371
5370
5368
5367
5366
5366
5365
5364
5362
5362
5360
5360
5360
5359
5358
5357
5356
5355
5355
5353
5351
5350
5350
5349
5349
5348
5347
5344
5344
5343
5342
5342
5342
5340
5339
5339
5339
5337
5336
5335
5333
5330
5330
5327
5326
5324
5324
5318
5317
5317
5317
5316
5316
5315
5314
5312
5311
5311
5310
5310
5304
5303
5303
5302
5301
5301
5301
5300
5299
5299
5299
5298
5297
5297
5297
5296
5296
5294
5294
5293
5293
5293
5291
5290
5290
5288
5287
5287
5284
5282
5282
5281
5279
5278
5277
5275
5273
5272
5269
5268
5268
5266
5265
5263
5262
5259
5259
5258
5256
5256
5252
5252
5252
5251
5250
5250
5249
5249
5247
5247
5247
5247
5246
5244
5243
5243
5242
5242
5242
5241
5240
5239
5238
5238
5236
5235
5234
5233
5232
5230
5230
5228
5225
5222
5222
5219
5219
5219
5218
5217
5217
5216
5215
5215
5214
5213
5211
5206
5204
5202
5201
5199
5199
5195
5195
5195
5189
5189
5189
5188
5187
5185
5184
5182
5181
5178
5175
5175
5172
5172
5171
5171
5171
5170
5169
5169
5168
5166
5166
5160
5158
5158
5157
5156
5156
5156
5154
5153
5153
5151
5150
5149
5148
5148
5147
5146
5146
5145
5145
5144
5143
5141
5141
5140
5138
5138
5135
5135
5134
5133
5133
5132
5129
5129
5129
5128
5128
5127
5126
5124
5123
5122
5122
5121
5121
5119
5115
5115
5114
5112
5109
5108
5107
5106
5105
5105
5105
5104
5101
5101
5100
5098
5098
5095
5095
5094
5094
5094
5091
5088
5088
5088
5087
5079
5079
5079
5078
5078
5076
5073
5072
5070
5068
5067
5064
5064
5064
5062
5062
5061
5059
5058
5055
5053
5052
5052
5051
5049
5046
5045
5044
5044
5041
5040
5038
5038
5038
5037
5035
5035
5033
5031
5030
5029
5028
5027
5021
5020
5018
5017
5017
5015
5014
5013
5010
5009
5009
5008
5007
5006
5005
5005
5003
5002
4999
4996
4994
4993
4993
4993
4993
4993
4992
4992
4992
4991
4991
4991
4988
4987
4986
4986
4986
4984
4980
4980
4980
4979
4979
4979
4979
4978
4977
4976
4974
4974
4971
4971
4969
4968
4968
4966
4965
4964
4964
4963
4963
4962
4962
4960
4960
4960
4960
4960
4960
4958
4957
4957
4957
4957
4957
4956
4955
4954
4954
4953
4952
4952
4950
4948
4946
4946
4944
4942
4941
4941
4940
4940
4939
4939
4938
4937
4937
4936
4935
4934
4934
4933
4932
4932
4931
4927
4924
4923
4922
4920
4917
4916
4915
4914
4909
4907
4906
4906
4904
4904
4903
4901
4901
4899
4899
4898
4898
4894
4893
4891
4890
4887
4887
4885
4884
4884
4884
4883
4882
4880
4879
4878
4877
4877
4876
4876
4876
4876
4875
4874
4870
4868
4867
4866
4866
4866
4862
4860
4859
4858
4856
4856
4854
4852
4852
4851
4849
4849
4849
4844
4843
4843
4842
4841
4840
4839
4838
4838
4838
4836
4834
4834
4831
4830
4830
4829
4827
4826
4824
4823
4823
4822
4821
4820
4818
4818
4817
4817
4816
4815
4815
4814
4810
4809
4807
4807
4807
4806
4806
4805
4804
4803
4800
4795
4795
4794
4794
4791
4790
4789
4789
4789
4788
4785
4784
4783
4783
4782
4779
4778
4778
4776
4776
4774
4773
4773
4773
4772
4771
4771
4770
4770
4769
4768
4767
4766
4766
4765
4765
4764
4761
4760
4757
4757
4755
4752
4751
4750
4748
4747
4746
4745
4744
4743
4742
4741
4741
4740
4740
4738
4736
4734
4734
4732
4732
4732
4731
4731
4730
4730
4728
4724
4724
4722
4721
4720
4718
4717
4717
4716
4714
4714
4714
4713
4713
4713
4712
4712
4711
4711
4711
4709
4709
4708
4708
4708
4708
4708
4708
4707
4706
4702
4701
4700
4700
4699
4694
4692
4692
4692
4690
4690
4689
4689
4688
4687
4686
4684
4682
4680
4679
4677
4675
4674
4673
4673
4673
4670
4669
4668
4667
4666
4665
4664
4663
4662
4662
4662
4661
4660
4659
4658
4657
4655
4654
4648
4645
4644
4643
4643
4639
4639
4639
4638
4638
4636
4629
4629
4625
4625
4623
4621
4621
4620
4619
4619
4616
4615
4615
4614
4614
4613
4611
4608
4607
4607
4606
4606
4606
4605
4604
4604
4600
4599
4599
4598
4598
4598
4596
4595
4595
4595
4592
4592
4591
4589
4589
4589
4587
4585
4584
4584
4583
4583
4582
4577
4577
4576
4574
4572
4571
4569
4568
4567
4565
4564
4562
4561
4561
4561
4560
4559
4558
4556
4555
4555
4553
4552
4552
4552
4551
4551
4549
4549
4547
4546
4544
4544
4543
4540
4538
4537
4537
4537
4537
4536
4535
4534
4532
4531
4530
4530
4530
4529
4529
4528
4527
4527
4527
4526
4525
4523
4523
4522
4522
4522
4522
4520
4518
4518
4517
4517
4516
4516
4515
4515
4513
4511
4511
4511
4506
4506
4506
4504
4503
4503
4502
4501
4501
4500
4499
4497
4494
4493
4493
4493
4492
4491
4490
4488
4487
4487
4486
4486
4486
4484
4480
4480
4478
4478
4478
4477
4475
4474
4474
4472
4472
4470
4468
4468
4465
4464
4463
4463
4457
4456
4456
4455
4453
4452
4451
4451
4451
4450
4450
4450
4448
4446
4445
4443
4439
4439
4439
4438
4437
4436
4436
4435
4435
4435
4433
4432
4432
4430
4430
4429
4429
4428
4427
4427
4423
4423
4422
4420
4420
4419
4418
4417
4416
4416
4414
4412
4412
4411
4409
4409
4409
4408
4407
4407
4406
4404
4404
4402
4401
4395
4395
4394
4394
4393
4393
4384
4383
4383
4383
4383
4382
4381
4380
4379
4378
4378
4378
4376
4373
4373
4372
4371
4370
4369
4368
4368
4367
4366
4366
4366
4362
4361
4361
4361
4360
4360
4359
4359
4358
4357
4357
4356
4354
4349
4349
4348
4347
4347
4347
4344
4343
4343
4342
4342
4340
4338
4338
4338
4338
4338
4337
4336
4336
4335
4334
4334
4333
4333
4333
4331
4331
4330
4330
4328
4325
4325
4324
4324
4322
4320
4320
4317
4317
4317
4317
4315
4309
4308
4308
4308
4307
4307
4307
4306
4305
4305
4303
4303
4302
4302
4301
4299
4299
4298
4297
4297
4295
4293
4293
4292
4289
4288
4287
4285
4285
4285
4283
4283
4280
4280
4279
4276
4275
4274
4273
4272
4272
4271
4270
4265
4264
4263
4261
4258
4258
4257
4255
4254
4253
4253
4252
4251
4251
4251
4250
4249
4248
4248
4247
4245
4243
4243
4243
4240
4238
4237
4236
4236
4233
4232
4231
4231
4230
4229
4229
4229
4228
4228
4227
4225
4224
4224
4224
4224
4222
4221
4221
4220
4219
4219
4218
4218
4217
4215
4214
4212
4209
4208
4207
4207
4205
4204
4204
4203
4202
4201
4200
4199
4198
4198
4197
4196
4196
4193
4192
4191
4189
4188
4187
4187
4186
4186
4186
4184
4184
4183
4182
4182
4182
4182
4179
4178
4175
4174
4174
4172
4171
4171
4170
4168
4168
4168
4167
4167
4167
4166
4165
4164
4164
4162
4161
4159
4157
4155
4152
4152
4152
4150
4150
4148
4147
4147
4146
4146
4146
4146
4145
4144
4144
4141
4140
4136
4135
4133
4133
4131
4131
4130
4128
4128
4126
4125
4124
4123
4122
4121
4121
4119
4119
4119
4119
4117
4116
4114
4114
4111
4111
4110
4109
4108
4106
4103
4102
4102
4101
4101
4099
4095
4095
4094
4093
4092
4087
4086
4084
4084
4082
4082
4078
4078
4074
4073
4073
4073
4071
4070
4069
4069
4068
4068
4068
4065
4062
4059
4055
4055
4054
4053
4053
4052
4051
4051
4049
4048
4047
4047
4045
4045
4044
4044
4043
4042
4042
4042
4041
4040
4040
4039
4039
4039
4036
4035
4034
4032
4031
4031
4031
4030
4030
4029
4028
4028
4027
4024
4023
4017
4017
4014
4009
4008
4007
4004
4004
4003
4003
4002
4001
3999
3999
3999
3998
3997
3997
3997
3997
3995
3995
3994
3991
3991
3991
3990
3990
3990
3989
3989
3988
3988
3987
3986
3985
3985
3985
3984
3982
3981
3981
3980
3979
3978
3976
3975
3973
3973
3972
3972
3969
3968
3965
3964
3963
3963
3963
3962
3962
3961
3960
3959
3958
3958
3957
3957
3956
3955
3955
3954
3953
3953
3951
3950
3949
3948
3946
3945
3942
3939
3939
3937
3937
3936
3936
3932
3931
3930
3929
3928
3928
3927
3925
3924
3923
3922
3922
3921
3920
3916
3915
3914
3914
3914
3914
3913
3913
3912
3912
3911
3910
3909
3908
3908
3907
3906
3905
3905
3904
3904
3903
3902
3901
3901
3901
3901
3897
3897
3897
3897
3896
3894
3891
3890
3890
3888
3886
3886
3885
3883
3882
3880
3879
3879
3878
3876
3876
3876
3876
3875
3874
3873
3873
3869
3867
3867
3866
3865
3864
3863
3862
3862
3862
3860
3858
3857
3856
3856
3855
3855
3852
3851
3850
3850
3849
3847
3847
3845
3845
3845
3844
3843
3842
3841
3840
3840
3840
3839
3839
3838
3835
3834
3832
3832
3832
3832
3831
3831
3830
3829
3828
3826
3826
3825
3824
3823
3822
3821
3821
3819
3819
3819
3816
3816
3815
3815
3815
3814
3812
3811
3810
3805
3804
3803
3803
3803
3798
3797
3796
3794
3794
3793
3793
3793
3793
3792
3792
3791
3789
3788
3787
3787
3785
3785
3784
3783
3783
3781
3781
3781
3776
3776
3774
3774
3774
3774
3774
3774
3771
3768
3767
3767
3767
3764
3763
3760
3760
3759
3758
3755
3755
3754
3754
3753
3751
3751
3751
3749
3746
3746
3746
3745
3744
3742
3742
3741
3741
3739
3736
3734
3734
3732
3732
3730
3730
3730
3730
3729
3729
3728
3727
3727
3726
3726
3725
3725
3725
3723
3723
3722
3722
3721
3720
3720
3719
3716
3714
3714
3714
3714
3713
3712
3711
3711
3710
3710
3708
3708
3708
3707
3707
3705
3704
3703
3703
3703
3703
3700
3700
3696
3696
3695
3693
3693
3691
3690
3690
3690
3690
3689
3689
3688
3688
3687
3684
3683
3682
3682
3682
3681
3681
3681
3679
3679
3678
3678
3677
3675
3675
3675
3674
3672
3671
3671
3667
3667
3666
3666
3665
3664
3663
3663
3662
3661
3661
3657
3657
3656
3656
3656
3656
3654
3654
3654
3653
3651
3650
3650
3650
3650
3650
3649
3649
3648
3646
3646
3646
3645
3645
3644
3638
3637
3637
3635
3635
3635
3632
3631
3631
3629
3628
3628
3627
3624
3622
3621
3620
3617
3616
3615
3615
3615
3615
3614
3614
3612
3611
3609
3608
3607
3606
3604
3604
3601
3601
3598
3598
3597
3596
3596
3593
3592
3592
3591
3589
3589
3589
3588
3588
3586
3585
3582
3580
3580
3578
3578
3577
3577
3576
3575
3572
3571
3570
3570
3569
3568
3567
3567
3567
3565
3565
3565
3564
3563
3561
3560
3560
3559
3559
3558
3557
3556
3556
3555
3555
3553
3553
3552
3552
3552
3552
3550
3550
3550
3550
3549
3549
3546
3546
3546
3546
3546
3546
3546
3545
3544
3544
3543
3539
3538
3538
3538
3538
3537
3537
3537
3534
3533
3533
3532
3531
3529
3529
3524
3524
3523
3522
3521
3520
3520
3519
3519
3518
3516
3515
3515
3515
3514
3514
3513
3510
3510
3510
3509
3508
3506
3503
3503
3502
3501
3500
3500
3500
3500
3498
3498
3497
3496
3496
3494
3493
3492
3491
3488
3488
3487
3487
3486
3485
3483
3479
3477
3477
3476
3476
3476
3476
3475
3474
3473
3473
3473
3472
3470
3469
3469
3468
3468
3467
3463
3460
3459
3459
3459
3452
3452
3452
3451
3451
3451
3450
3450
3450
3450
3447
3446
3446
3444
3443
3443
3442
3442
3441
3441
3440
3439
3439
3438
3437
3437
3436
3436
3433
3433
3432
3431
3430
3430
3429
3428
3427
3427
3426
3426
3425
3422
3422
3419
3419
3418
3411
3409
3409
3408
3408
3406
3406
3405
3405
3404
3404
3400
3400
3400
3399
3399
3399
3398
3396
3394
3393
3392
3392
3391
3391
3391
3390
3388
3388
3388
3385
3385
3383
3383
3383
3382
3381
3381
3381
3380
3380
3380
3379
3378
3378
3378
3377
3376
3375
3375
3373
3372
3372
3371
3371
3370
3370
3369
3368
3367
3366
3366
3366
3366
3366
3365
3363
3363
3362
3362
3361
3361
3361
3358
3358
3356
3356
3355
3355
3354
3353
3353
3353
3351
3350
3350
3349
3348
3345
3345
3344
3343
3342
3341
3341
3338
3337
3337
3335
3331
3331
3328
3326
3326
3326
3324
3324
3322
3320
3320
3319
3317
3316
3316
3315
3315
3315
3312
3310
3308
3305
3305
3305
3303
3303
3302
3302
3299
3298
3296
3296
3296
3296
3294
3294
3293
3293
3291
3287
3284
3283
3283
3283
3281
3280
3278
3277
3276
3276
3274
3273
3272
3272
3271
3269
3269
3269
3268
3267
3266
3266
3265
3264
3263
3262
3262
3262
3261
3261
3261
3259
3258
3258
3256
3256
3255
3255
3254
3254
3253
3253
3253
3252
3252
3252
3251
3251
3250
3249
3248
3247
3247
3246
3244
3242
3242
3241
3241
3240
3239
3236
3235
3233
3233
3232
3231
3231
3231
3227
3222
3222
3222
3221
3221
3219
3219
3218
3218
3216
3215
3214
3212
3211
3211
3207
3207
3206
3206
3204
3204
3204
3202
3201
3199
3198
3198
3198
3198
3198
3198
3197
3196
3196
3195
3195
3189
3189
3188
3186
3185
3185
3183
3178
3177
3177
3176
3176
3171
3171
3170
3169
3169
3168
3168
3168
3168
3168
3167
3166
3166
3165
3164
3164
3164
3163
3163
3162
3159
3154
3154
3153
3151
3149
3148
3148
3147
3147
3146
3145
3145
3143
3143
3142
3141
3136
3135
3133
3130
3125
3123
3122
3122
3121
3120
3120
3119
3119
3118
3116
3116
3115
3113
3113
3113
3112
3112
3111
3110
3110
3109
3109
3107
3106
3104
3104
3104
3104
3103
3102
3101
3100
3100
3100
3096
3096
3094
3093
3093
3092
3091
3091
3091
3090
3090
3090
3087
3087
3086
3084
3084
3083
3083
3083
3083
3082
3081
3080
3080
3079
3079
3079
3078
3078
3077
3076
3076
3075
3073
3069
3069
3067
3065
3064
3064
3063
3062
3061
3060
3059
3058
3058
3058
3057
3057
3056
3056
3056
3054
3053
3051
3050
3050
3050
3048
3046
3046
3045
3044
3044
3043
3043
3043
3041
3039
3038
3038
3038
3037
3036
3034
3033
3032
3030
3030
3028
3024
3022
3021
3020
3019
3019
3019
3019
3018
3018
3017
3016
3016
3014
3013
3013
3012
3011
3011
3010
3009
3008
3008
3005
3005
3004
3003
3002
3002
3001
2998
2996
2995
2995
2995
2995
2994
2992
2992
2991
2991
2990
2990
2989
2988
2986
2986
2984
2981
2981
2980
2978
2976
2973
2973
2973
2972
2972
2971
2971
2970
2970
2970
2970
2969
2967
2967
2963
2962
2962
2961
2961
2960
2959
2958
2957
2956
2955
2954
2951
2950
2948
2948
2945
2944
2944
2941
2939
2938
2937
2937
2935
2934
2932
2931
2930
2930
2930
2928
2927
2926
2926
2926
2925
2922
2922
2920
2919
2917
2914
2914
2913
2912
2912
2910
2908
2907
2904
2904
2903
2902
2900
2899
2899
2897
2896
2896
2895
2894
2893
2893
2892
2892
2890
2888
2886
2884
2884
2882
2882
2880
2879
2879
2878
2877
2877
2877
2877
2875
2874
2873
2873
2873
2872
2872
2872
2870
2868
2867
2866
2865
2865
2863
2863
2862
2861
2861
2860
2860
2860
2859
2859
2857
2855
2855
2853
2850
2850
2850
2847
2846
2846
2845
2845
2844
2844
2844
2840
2839
2839
2839
2837
2835
2834
2831
2830
2829
2828
2828
2827
2827
2827
2826
2825
2824
2823
2823
2821
2821
2819
2819
2819
2817
2816
2815
2814
2813
2812
2811
2811
2810
2810
2810
2810
2810
2809
2808
2808
2807
2807
2806
2805
2803
2802
2799
2797
2797
2797
2795
2795
2794
2794
2793
2792
2790
2787
2786
2786
2785
2785
2784
2784
2783
2782
2781
2781
2779
2779
2776
2775
2773
2773
2773
2772
2771
2769
2768
2768
2767
2766
2765
2764
2764
2764
2763
2762
2761
2761
2759
2758
2758
2756
2754
2754
2752
2750
2744
2742
2739
2739
2739
2738
2737
2737
2734
2733
2733
2729
2729
2728
2727
2726
2722
2720
2719
2718
2716
2715
2714
2712
2711
2710
2709
2708
2706
2706
2704
2703
2703
2703
2699
2699
2698
2698
2697
2695
2695
2695
2694
2694
2694
2693
2691
2691
2689
2688
2688
2687
2687
2686
2684
2683
2683
2683
2682
2682
2679
2679
2678
2676
2676
2675
2675
2673
2672
2672
2670
2670
2669
2669
2668
2668
2667
2667
2666
2666
2666
2666
2665
2665
2665
2659
2658
2658
2656
2656
2656
2656
2656
2654
2652
2652
2652
2650
2647
2647
2646
2644
2643
2641
2640
2640
2640
2639
2637
2636
2636
2635
2635
2634
2634
2633
2633
2631
2628
2628
2628
2627
2627
2625
2623
2621
2621
2619
2619
2618
2616
2613
2612
2612
2611
2611
2611
2607
2606
2603
2599
2598
2598
2597
2595
2595
2589
2589
2587
2587
2585
2585
2584
2583
2580
2580
2579
2577
2575
2572
2570
2570
2570
2569
2569
2568
2566
2565
2564
2562
2561
2561
2561
2560
2558
2557
2557
2556
2555
2554
2554
2553
2551
2551
2548
2548
2548
2547
2547
2547
2545
2545
2542
2542
2541
2541
2540
2537
2536
2536
2536
2536
2533
2533
2530
2529
2527
2527
2526
2524
2524
2524
2523
2523
2523
2522
2522
2521
2516
2516
2515
2515
2515
2513
2512
2511
2510
2510
2510
2509
2507
2506
2506
2506
2503
2501
2498
2497
2496
2496
2494
2493
2490
2488
2487
2485
2485
2484
2484
2478
2477
2477
2476
2476
2475
2475
2473
2473
2472
2472
2471
2471
2470
2469
2469
2467
2467
2465
2465
2464
2460
2460
2460
2460
2459
2458
2457
2456
2456
2456
2456
2456
2455
2452
2452
2450
2450
2447
2447
2446
2445
2445
2445
2444
2443
2443
2442
2440
2440
2437
2436
2436
2436
2435
2435
2435
2434
2434
2431
2431
2430
2429
2429
2429
2428
2428
2427
2427
2426
2425
2423
2422
2421
2419
2419
2419
2418
2417
2417
2416
2414
2414
2413
2409
2408
2407
2406
2406
2405
2404
2404
2403
2403
2403
2401
2401
2400
2399
2399
2399
2398
2397
2397
2397
2395
2394
2392
2391
2388
2388
2387
2387
2386
2385
2385
2385
2384
2384
2381
2381
2381
2380
2379
2378
2377
2377
2376
2375
2375
2375
2375
2375
2374
2373
2368
2368
2367
2365
2363
2363
2363
2361
2360
2359
2358
2358
2357
2355
2354
2354
2353
2352
2352
2350
2347
2347
2345
2345
2345
2343
2342
2342
2342
2340
2339
2339
2338
2337
2336
2336
2336
2333
2333
2332
2330
2330
2329
2328
2328
2327
2324
2324
2322
2321
2320
2320
2319
2318
2318
2318
2317
2314
2314
2314
2313
2313
2312
2312
2311
2309
2307
2305
2304
2301
2300
2299
2298
2294
2292
2292
2291
2291
2291
2286
2284
2282
2282
2281
2280
2280
2280
2279
2279
2278
2278
2276
2276
2275
2273
2272
2272
2269
2268
2267
2266
2266
2266
2266
2265
2265
2262
2262
2261
2261
2260
2259
2257
2256
2253
2252
2251
2251
2249
2242
2242
2241
2238
2237
2237
2237
2235
2234
2233
2233
2231
2230
2229
2229
2228
2227
2227
2226
2224
2224
2221
2221
2220
2219
2219
2217
2217
2213
2211
2210
2208
2208
2208
2206
2206
2205
2205
2204
2203
2203
2202
2200
2198
2198
2197
2195
2195
2194
2194
2194
2188
2186
2186
2184
2182
2182
2180
2180
2180
2180
2179
2179
2179
2178
2178
2177
2177
2174
2172
2172
2172
2169
2168
2168
2166
2165
2164
2164
2164
2163
2162
2160
2159
2159
2158
2157
2157
2156
2156
2153
2152
2152
2151
2149
2149
2148
2147
2145
2144
2144
2144
2143
2143
2142
2142
2140
2139
2139
2139
2139
2138
2138
2137
2137
2136
2136
2135
2134
2134
2133
2133
2132
2132
2131
2130
2129
2126
2126
2123
2122
2121
2120
2118
2118
2117
2115
2114
2113
2113
2113
2110
2107
2105
2104
2104
2103
2099
2099
2098
2095
2094
2093
2091
2090
2090
2089
2088
2088
2087
2086
2086
2086
2083
2079
2079
2079
2078
2078
2077
2077
2076
2076
2074
2074
2072
2072
2069
2069
2068
2068
2068
2067
2067
2066
2063
2062
2061
2059
2059
2058
2058
2054
2053
2052
2051
2051
2050
2050
2049
2047
2047
2046
2044
2043
2043
2042
2042
2041
2041
2041
2039
2037
2036
2036
2035
2035
2035
2034
2032
2032
2031
2030
2029
2028
2027
2025
2025
2024
2024
2024
2024
2024
2023
2023
2021
2021
2021
2021
2021
2020
2019
2019
2019
2017
2015
2014
2013
2011
2010
2010
2009
2008
2008
2007
2006
2004
2003
2003
2002
2002
2002
1999
1998
1994
1994
1993
1993
1992
1992
1991
1988
1986
1985
1984
1983
1982
1982
1979
1978
1978
1976
1972
1971
1970
1969
1969
1968
1968
1967
1967
1967
1965
1964
1964
1962
1961
1957
1957
1956
1956
1955
1953
1953
1952
1951
1951
1949
1947
1946
1946
1945
1943
1942
1942
1940
1940
1939
1938
1936
1934
1934
1934
1933
1933
1932
1932
1931
1931
1930
1929
1929
1926
1925
1924
1923
1923
1922
1922
1922
1920
1920
1918
1918
1915
1912
1912
1912
1911
1909
1909
1909
1909
1908
1906
1906
1905
1905
1904
1904
1903
1902
1902
1902
1901
1900
1900
1900
1899
1899
1896
1896
1895
1891
1890
1888
1888
1886
1884
1884
1883
1882
1879
1878
1877
1876
1875
1873
1873
1872
1872
1872
1869
1868
1868
1868
1866
1866
1866
1865
1864
1862
1862
1862
1861
1860
1859
1858
1857
1857
1855
1852
1851
1850
1848
1847
1846
1843
1843
1843
1842
1841
1841
1840
1839
1837
1836
1835
1835
1835
1834
1834
1832
1830
1828
1828
1827
1827
1826
1826
1826
1824
1824
1823
1822
1820
1819
1819
1818
1817
1817
1817
1812
1811
1809
1809
1808
1808
1806
1806
1806
1806
1806
1805
1802
1800
1799
1799
1799
1799
1798
1798
1797
1796
1796
1795
1795
1795
1794
1791
1789
1789
1788
1787
1786
1784
1784
1781
1779
1778
1778
1778
1778
1778
1776
1776
1775
1775
1773
1772
1770
1770
1769
1769
1769
1766
1762
1761
1760
1758
1757
1757
1757
1757
1757
1756
1756
1755
1750
1750
1749
1748
1747
1747
1744
1742
1741
1738
1737
1737
1736
1732
1731
1731
1730
1729
1725
1725
1725
1724
1724
1722
1721
1720
1715
1715
1714
1714
1711
1710
1710
1710
1709
1709
1707
1707
1706
1705
1703
1702
1701
1700
1699
1698
1698
1697
1697
1697
1696
1696
1696
1694
1693
1692
1690
1690
1689
1688
1688
1688
1688
1688
1684
1683
1683
1676
1676
1675
1675
1670
1670
1670
1669
1669
1668
1665
1665
1664
1663
1662
1662
1661
1660
1659
1658
1658
1658
1657
1656
1655
1654
1654
1654
1653
1653
1651
1650
1650
1648
1647
1646
1646
1646
1646
1645
1644
1643
1642
1641
1641
1640
1640
1637
1636
1633
1633
1631
1630
1629
1628
1628
1626
1625
1625
1620
1619
1618
1618
1613
1613
1611
1610
1610
1609
1609
1608
1607
1606
1606
1606
1604
1604
1603
1600
1598
1597
1597
1596
1596
1594
1593
1591
1589
1589
1586
1586
1586
1583
1580
1579
1579
1578
1577
1576
1576
1572
1570
1570
1568
1567
1566
1564
1564
1564
1561
1560
1560
1559
1558
1558
1558
1558
1556
1555
1554
1554
1552
1552
1551
1551
1551
1551
1548
1546
1546
1545
1545
1544
1544
1544
1542
1540
1539
1538
1538
1537
1536
1536
1535
1535
1534
1533
1533
1533
1532
1530
1530
1529
1528
1528
1525
1525
1524
1524
1522
1520
1520
1518
1518
1516
1514
1514
1513
1511
1510
1510
1509
1509
1509
1508
1507
1505
1505
1504
1504
1504
1503
1502
1502
1501
1500
1500
1498
1497
1496
1494
1492
1489
1487
1487
1484
1483
1482
1481
1479
1479
1477
1476
1475
1473
1473
1473
1473
1470
1470
1468
1468
1466
1466
1466
1465
1465
1464
1464
1462
1461
1461
1460
1459
1456
1456
1455
1455
1455
1454
1454
1453
1453
1452
1452
1452
1449
1448
1448
1447
1447
1445
1443
1443
1442
1441
1441
1441
1440
1433
1432
1429
1429
1427
1425
1424
1423
1421
1420
1419
1418
1418
1417
1417
1413
1413
1409
1408
1408
1408
1406
1404
1403
1402
1402
1400
1398
1397
1397
1395
1395
1395
1393
1392
1392
1391
1390
1389
1389
1389
1388
1387
1386
1386
1385
1385
1384
1383
1382
1381
1381
1379
1378
1375
1375
1372
1371
1370
1368
1368
1366
1365
1363
1363
1363
1362
1362
1361
1360
1359
1359
1358
1356
1356
1355
1355
1353
1353
1352
1352
1351
1351
1350
1349
1348
1347
1347
1345
1342
1341
1341
1341
1340
1339
1338
1336
1335
1335
1332
1332
1331
1329
1328
1327
1326
1326
1325
1324
1324
1323
1323
1322
1322
1318
1317
1317
1311
1311
1311
1310
1309
1306
1306
1306
1305
1305
1304
1303
1302
1302
1300
1298
1298
1297
1295
1292
1290
1289
1289
1284
1283
1281
1279
1279
1277
1276
1275
1275
1273
1272
1271
1269
1269
1268
1268
1267
1267
1265
1262
1259
1259
1258
1258
1257
1257
1255
1255
1255
1253
1250
1247
1245
1244
1243
1242
1240
1240
1238
1236
1236
1236
1235
1235
1233
1233
1233
1232
1231
1230
1230
1228
1228
1227
1227
1225
1225
1225
1225
1222
1222
1220
1219
1218
1218
1214
1214
1212
1211
1210
1210
1209
1208
1206
1205
1205
1204
1203
1203
1203
1201
1201
1200
1200
1200
1199
1199
1197
1197
1196
1195
1195
1194
1193
1192
1192
1191
1191
1191
1189
1189
1188
1186
1185
1185
1185
1184
1184
1184
1183
1180
1179
1178
1177
1176
1175
1175
1174
1174
1171
1169
1169
1169
1168
1166
1164
1163
1163
1160
1157
1154
1154
1152
1151
1150
1148
1148
1148
1147
1145
1145
1143
1143
1143
1143
1136
1133
1133
1130
1129
1129
1128
1128
1128
1127
1126
1126
1126
1126
1123
1119
1117
1117
1116
1114
1111
1110
1109
1109
1108
1106
1106
1105
1105
1104
1103
1101
1101
1100
1099
1099
1099
1098
1097
1096
1096
1095
1095
1094
1093
1092
1091
1091
1089
1088
1087
1087
1087
1085
1084
1083
1077
1074
1072
1072
1070
1070
1069
1068
1064
1064
1063
1062
1061
1061
1060
1060
1060
1059
1058
1057
1052
1049
1049
1048
1047
1047
1046
1046
1046
1045
1043
1041
1041
1040
1039
1037
1037
1037
1036
1035
1035
1034
1034
1034
1033
1030
1029
1028
1025
1025
1025
1025
1023
1022
1021
1021
1021
1018
1018
1018
1016
1015
1013
1013
1013
1012
1009
1009
1008
1008
1008
1007
1006
1005
1004
1004
1003
1000
999
998
998
997
995
995
994
994
991
991
989
989
988
987
987
986
986
985
984
982
982
981
981
981
978
978
976
976
973
969
964
964
964
964
963
962
962
962
962
961
960
960
959
957
955
955
955
953
953
952
949
949
948
948
946
944
943
942
941
941
941
940
936
935
935
935
934
932
932
931
930
929
929
929
928
928
928
927
926
924
923
921
921
920
918
916
916
916
914
913
912
912
912
911
910
910
909
909
909
909
909
909
908
908
908
908
907
905
904
904
903
903
902
902
901
899
899
898
898
897
895
893
893
893
891
890
890
889
888
888
887
884
883
882
880
880
880
879
879
878
878
877
877
874
873
872
871
871
870
870
868
867
865
865
865
865
864
861
860
859
857
856
856
856
855
854
853
853
852
851
847
845
843
842
842
840
840
835
835
833
833
831
831
829
829
828
827
826
826
824
821
820
818
818
817
817
814
814
814
812
812
812
812
810
810
810
809
808
808
808
805
803
802
801
800
800
799
799
798
797
797
795
794
792
792
791
791
785
784
784
782
780
780
779
779
778
773
772
770
770
768
767
765
764
763
763
761
761
760
757
755
753
752
750
750
744
744
744
744
742
742
741
739
737
735
734
733
733
733
732
732
732
731
729
729
729
728
728
728
725
723
722
721
719
717
717
716
714
714
714
712
712
712
712
709
709
709
708
707
705
705
705
703
700
700
699
696
696
696
696
696
695
695
695
692
692
691
690
687
687
687
687
685
685
685
685
684
684
683
681
680
680
680
679
675
675
673
672
671
669
669
666
666
664
664
662
660
656
656
656
656
654
653
650
647
644
639
638
638
637
636
635
632
632
631
630
629
628
627
624
624
619
618
618
618
614
613
612
612
612
612
610
608
607
606
605
604
603
603
603
601
599
597
596
595
593
593
592
591
590
588
588
586
586
583
582
582
582
582
581
580
580
580
580
578
578
578
577
576
576
576
574
572
571
571
567
566
565
564
564
564
563
562
561
560
560
559
558
557
557
553
548
547
545
544
544
543
543
542
542
541
540
539
539
538
537
537
536
536
534
533
532
531
529
529
527
526
524
523
523
522
522
521
520
518
517
516
514
513
511
510
510
506
506
505
504
503
503
501
500
499
498
496
495
495
493
492
492
491
488
487
487
483
483
482
480
479
478
477
477
476
476
476
475
473
473
473
471
471
471
469
466
464
463
460
460
458
457
455
455
453
453
452
452
451
450
449
448
448
448
447
447
447
446
446
445
445
445
444
443
443
442
442
442
441
440
437
436
435
435
434
433
433
431
430
429
428
428
427
425
425
425
424
423
422
418
416
416
416
415
414
414
413
412
412
412
409
409
407
403
403
401
399
399
396
395
394
392
390
390
390
388
388
388
387
387
385
384
383
383
383
382
381
379
379
379
378
377
376
375
374
374
372
372
369
368
366
366
365
364
363
363
360
360
359
358
357
357
356
355
353
353
352
352
351
349
348
348
347
347
347
342
342
341
341
339
339
338
338
334
334
332
329
327
327
324
323
322
322
322
321
321
321
321
319
319
318
318
317
317
314
313
312
312
311
310
310
306
305
302
302
302
301
301
298
296
295
294
294
294
292
292
291
291
290
289
289
288
288
288
287
285
284
284
282
281
280
280
278
277
276
274
274
274
273
271
269
267
266
265
264
262
262
262
262
260
259
258
257
255
253
252
252
250
248
248
247
247
245
244
244
244
244
243
241
241
241
241
240
240
238
236
236
232
232
231
231
231
231
231
230
229
229
229
228
226
225
225
225
225
224
224
220
220
219
219
218
218
217
216
215
214
213
212
211
208
208
207
205
205
204
204
203
202
196
196
193
190
190
183
183
180
179
178
178
174
174
173
173
173
172
170
167
167
167
166
166
165
164
164
163
160
159
159
158
158
158
156
156
156
155
153
153
153
152
151
150
148
148
148
146
146
145
145
144
144
144
141
141
140
139
138
137
136
135
135
135
134
131
131
131
130
129
129
129
129
129
124
124
123
122
121
117
116
115
114
114
114
113
112
111
109
109
106
105
104
103
102
100
99
98
96
96
95
94
94
93
92
90
89
87
86
85
84
83
83
82
82
82
82
80
79
78
78
71
71
70
70
67
65
65
64
62
62
62
61
61
61
60
59
58
57
57
56
55
52
52
51
49
48
48
48
47
47
47
47
46
46
45
44
44
44
44
43
41
40
39
37
37
36
35
30
29
27
26
24
22
22
21
21
20
20
19
18
18
15
14
13
13
13
12
11
11
9
9
8
7
7
7
6
6
5
4
2
2